0.0,	0.16615912826134147,	1.452059810090513e-08,	-1963.926210694627,	0.0002106214418349937
0.05,	0.1964464753818797,	0.061646570696423576,	-1983.2756019697795,	17.616919513916617
0.1,	0.2563091161804473,	0.1157025002899527,	-2040.1927024658587,	36.78393790707235
0.15,	0.33559416235760603,	0.18707978645152198,	-2137.1084877631756,	63.08849661202205
0.2,	0.41357060313805993,	0.2534078086168374,	-2276.798121370222,	98.89252868896448
0.25,	0.5004494038371915,	0.31436272987720315,	-2454.6251271086685,	164.42933886470388
0.3,	0.6223890672833491,	0.4207418116560138,	-2668.3792470494427,	221.73591719844347
0.35,	0.7164194243553393,	0.458831316403038,	-2934.0561087497495,	272.35348493679186
0.4,	0.8128072768767096,	0.5281094040172539,	-3206.019296738442,	329.0842409705909
0.45,	0.8908346415866066,	0.5899337953238148,	-3564.6080054070962,	422.73159168664046
0.5,	1.004141884350305,	0.6844110402704946,	-3933.460087603333,	537.6326864949917
0.55,	1.1225145755583645,	0.7872110216483622,	-4333.041596010561,	645.5181578049478
0.6,	1.223388101076209,	0.8274097997568705,	-4808.603553961893,	827.3412873431878
0.65,	1.3323803185304868,	0.9551973848025699,	-5283.48711075586,	855.0292825050406
0.7,	1.387288461089919,	0.9388431358847553,	-5788.929435483724,	973.9833071539335
0.75,	1.6058810495988534,	1.1322434642994605,	-6493.7910182832675,	1217.7832854811877
0.8,	1.7567476285747907,	1.161202705604028,	-7047.748024269694,	1431.4412991554234
0.85,	1.7750038428086339,	1.332477240572408,	-7656.016432611616,	1455.371045917193
0.9,	1.9288692461444716,	1.3005386138223678,	-8246.025816798465,	1627.168361424848
0.95,	2.0216368563297435,	1.3476407702298998,	-8843.43777595291,	1937.5463797893665
1.0,	2.340513605279874,	1.5519810516318548,	-9589.593273346929,	1986.034872710136
