3.141592653589793116e+00 0.000000000000000000e+00
-2.905475170034208077e+00 2.361174835555855278e+00
-2.579621552258586803e+00 3.258536177756213625e+00
-2.225675215237427729e+00 3.539463370211588522e+00
-1.885063791179538484e+00 3.406114240578892005e+00
-1.579309727140370434e+00 3.057540640391678277e+00
-1.292218567710014199e+00 2.870911594303561021e+00
-1.043624627834812912e+00 2.485939398752019969e+00
-8.207448852485654811e-01 2.228797425862456105e+00
-6.923701504584816036e-01 1.283747347900845881e+00
-5.632123990013528925e-01 1.291577514571284890e+00
-4.586962732610331273e-01 1.045161257403204313e+00
-4.131140192667608346e-01 4.558225399427262570e-01
-3.965976784727462956e-01 1.651634079401398947e-01
-3.903195012286726495e-01 6.278177244073268604e-02
-3.879290926416008034e-01 2.390408587071498475e-02
-3.870233530526068222e-01 9.057395889935841368e-03
-3.866816936956354311e-01 3.416593569724435918e-03
-3.865531097230956448e-01 1.285839725381658378e-03
-3.865049151315886888e-01 4.819459150887785235e-04
-3.864868041742255400e-01 1.811095736338626770e-04
-3.864799975669122034e-01 6.806607311278722254e-05
-3.864774330237992217e-01 2.564543115034638465e-05
-3.864764782438712132e-01 9.547799267350341588e-06
-3.864761060560706341e-01 3.721878005375211497e-06
-3.864759735774807581e-01 1.324785896999495154e-06
-3.864759298107678376e-01 4.376671322599974513e-07
-3.864758906600531674e-01 3.915071503354909846e-07
-3.864759359142286854e-01 -4.525417560388346259e-07
-3.864759194923887975e-01 1.642184005730498605e-07
-3.864758957079210688e-01 2.378446808690511722e-07
