0.000000000000000000e+00 3.141592653589793116e+00 0.000000000000000000e+00 0.000000000000000000e+00
-5.837840332835675383e-02 3.057171085606141148e+00 -1.166278190912523716e+00 -1.665051088577166993e+00
-2.164261135428473537e-01 2.841415440234646539e+00 -1.990224416558918019e+00 -2.585307282617770763e+00
-4.022987037435177271e-01 2.627315018053772988e+00 -1.726540986923980281e+00 -1.654782817193136690e+00
-5.931833494672962281e-01 2.477914242347873497e+00 -2.090182477204928002e+00 -1.295540563178459781e+00
-7.556300734581173906e-01 2.446632197893540805e+00 -1.159604165988668445e+00 6.702684721004348312e-01
-8.126941460388361627e-01 2.625716208224915249e+00 2.298040719399296883e-02 2.911189887383768937e+00
-7.501814470806564827e-01 3.025622000344075246e+00 1.225870314177299081e+00 5.030636890900487046e+00
-5.701263394742595025e-01 -2.676090244948792218e+00 2.349943085815278554e+00 6.403560152052802934e+00
-3.090406856336080921e-01 -2.050828530939540428e+00 2.858414572476601911e+00 5.930477131671068491e+00
-2.869733150179598624e-02 -1.528384338808976395e+00 2.761997022504568466e+00 4.507149234226479173e+00
2.469633093899665788e-01 -1.147967102500752290e+00 2.763603042760488293e+00 3.118157606227351053e+00
4.847743560025157272e-01 -8.703881951454768284e-01 1.994940907753468329e+00 2.512373459255463182e+00
6.587110065460990427e-01 -6.439270859675065850e-01 1.484091709114041535e+00 2.076182292068867064e+00
8.080253037560156670e-01 -4.768575614918901806e-01 1.502839895207185528e+00 1.298367844098027746e+00
9.431529912337319743e-01 -3.572148578132932073e-01 1.198726051824562155e+00 1.126033031312047239e+00
1.063766738309946724e+00 -2.684989529983532464e-01 1.212974178737134867e+00 6.695637859685800164e-01
1.182493302975331062e+00 -2.155739062320876087e-01 1.161056705061874972e+00 4.023494364074519103e-01
1.294853317223516598e+00 -1.845054380707402686e-01 1.085814331581184344e+00 2.270461611573745264e-01
1.398197185083519756e+00 -1.669606251761415194e-01 9.808661359668303659e-01 1.284349371429310827e-01
1.488830934373723380e+00 -1.549951641645161970e-01 8.316697929716734272e-01 1.140162600982701085e-01
1.564755047165057533e+00 -1.439344356686085291e-01 6.866834330705525735e-01 1.100991971161421473e-01
1.631535965365602081e+00 -1.403184919980073886e-01 6.488929389599781272e-01 -3.680138771565120981e-02
1.690157292312621351e+00 -1.450559531187867179e-01 5.235896587008748160e-01 -5.918068987798984909e-02
1.737787977410363283e+00 -1.546889599803069615e-01 4.291335250855297101e-01 -1.359584765606705881e-01
1.775795489447487441e+00 -1.726263019894993533e-01 3.312182526171617569e-01 -2.274152632496911353e-01
1.803032303792779345e+00 -1.998081854309337047e-01 2.138201401597532303e-01 -3.232535334499712087e-01
1.812530716921442853e+00 -2.300952528823660970e-01 -2.348797014587228338e-02 -2.905794449719731887e-01
1.791255716365830253e+00 -2.491559438928501180e-01 -4.017527400831958917e-01 -9.599127388460318433e-02
1.737061229756795555e+00 -2.567832337085853567e-01 -6.820420573009686738e-01 -5.862645645157242569e-02
1.655810761398374353e+00 -2.625519572248844469e-01 -9.428973339050400471e-01 -5.829594923576658649e-02
