0.0,	0.028083917530900036,	5.80387706232247e-09,	-1886.4683156758058,	0
0.05,	0.15460384209569727,	0.0993765664377489,	-1909.7030071983202,	103.83091354981687
0.1,	0.29270996043439834,	0.18348923624196317,	-1999.6936038860483,	225.42680618088252
0.15000000000000002,	0.4598190121968993,	0.3067029034030228,	-2181.2488333669344,	401.9481238839291
0.2,	0.5980734409942289,	0.37741175449477293,	-2391.817130667803,	513.7399085259437
0.25,	0.756265596431237,	0.4819542155930289,	-2635.8935217592675,	633.4664915323597
0.30000000000000004,	0.8828825627532433,	0.5455353337521346,	-2876.5080858903057,	766.2680412287413
0.35000000000000003,	1.043395203314245,	0.6564545065019234,	-3136.093537667908,	859.2199294688834
0.4,	1.185163425851209,	0.776764291745325,	-3444.2557557038162,	932.7066851413172
0.45,	1.2831341932279146,	0.8754379143871771,	-3655.979815148469,	1057.151407545748
0.5,	1.4914219355670053,	0.9292821812137747,	-3972.172831224773,	1094.107774265508
