0.0,	0.23064344038385792,	nan,	-4424.269330558257,	0
0.02,	0.42839237704015504,	0.23231690437838376,	-4471.989846857673,	99.48061527096466
0.04,	0.9454119799562504,	0.779466822978004,	-4736.726133942554,	708.3136677814987
0.06,	1.4405102869929722,	0.9742088589197638,	-5227.05130759797,	1342.1921707011068
0.08,	1.6707950586227038,	1.028496784435578,	-5509.037489822785,	1423.0428499220097
0.1,	2.0328550824645135,	1.257241218298502,	-5985.228202630949,	1645.2653994217806
0.12,	2.2504689662358848,	1.396962215467775,	-6119.980470091205,	1632.3898485669406
0.14,	2.667048653005564,	1.6847464754060686,	-6608.369969213363,	1759.0352437851795
0.16,	2.8780264716978685,	1.8061175032306627,	-6801.230716260851,	1754.9629166242419
0.18,	3.1937493439213833,	1.9163627779691987,	-7163.175502464119,	1850.6041059979966
0.2,	3.4970995282495347,	2.0096632888283246,	-7513.821799041706,	1891.003180715823
