0.0,	0.1934822912580928,	1.5834705166400236e-08,	-1959.4995788015274,	0
0.05,	0.2292601077222157,	0.04444280009645031,	-1980.3174158422023,	22.957653126236256
0.1,	0.29500311534492446,	0.11269963636153532,	-2039.2260323903204,	47.76842265540265
0.15,	0.3858942384321144,	0.19620961546839144,	-2114.4705100959286,	74.62821926008931
0.2,	0.4461365112903849,	0.2562463129792633,	-2225.9037534509507,	119.27508814961725
0.25,	0.5437098665112609,	0.34582832478356285,	-2323.6946741380166,	148.14543131473164
0.3,	0.6300356800566482,	0.40350577902798457,	-2446.575869236336,	197.63852780037305
0.35,	0.7441828879158199,	0.49522823782041675,	-2637.4268499634913,	250.23411442314494
0.4,	0.7897920764653881,	0.536365846684054,	-2778.795509795712,	324.60305839349667
0.45,	0.9336216590627398,	0.6162375052786486,	-3004.788667196891,	389.50519011801975
0.5,	1.0579274205485887,	0.6764366886412899,	-3228.4399606110037,	457.2216148787804
0.55,	1.10793137124464,	0.738436597747841,	-3453.7670327231485,	551.3236777728256
0.6,	1.2911785539098353,	0.8242590736820261,	-3753.0024679290614,	632.076152895748
0.65,	1.2669385473484998,	0.9303088554306832,	-4023.9971553906153,	669.8061369515691
0.7,	1.4552973289712612,	1.0046587212185178,	-4298.537267104006,	754.3726466780738
0.75,	1.567002380950081,	1.0071339515642015,	-4744.427018301431,	884.6385332865053
0.8,	1.6296221587209734,	1.1133660258775917,	-4955.810164929955,	956.8851094011792
0.85,	1.8781847642810907,	1.2730205966314403,	-5366.825712121282,	1116.1052703834264
0.9,	2.135977244340458,	1.350809713005073,	-5829.47134358016,	1219.574504281656
0.95,	2.015669398155214,	1.3418815852663586,	-6113.17398805733,	1350.4038637859096
1.0,	2.33669787753316,	1.5471504313338342,	-6501.732083592987,	1410.8344185198137
