3.141592653589793116e+00 0.000000000000000000e+00
-2.963150305124184314e+00 1.784423484656089576e+00
-2.654778558777397990e+00 3.083717463467868569e+00
-2.259986175028569022e+00 3.947923837488282572e+00
-1.855577089544357072e+00 4.044090854842123051e+00
-1.450427683609296636e+00 4.051494059350601695e+00
-1.129617545766254949e+00 3.208101378430420425e+00
-8.743375314471428794e-01 2.552800143191115367e+00
-7.080672730421877503e-01 1.662702584049559729e+00
-5.907724195200820816e-01 1.172948535221054245e+00
-4.803348103836491134e-01 1.104376091364319246e+00
-3.956652644399802909e-01 8.466954594366913334e-01
-3.239088301749664112e-01 7.175643426501444599e-01
-2.532813446962300929e-01 7.062748547873565208e-01
-2.223921840124454263e-01 3.088916068378473878e-01
-2.075734231601824575e-01 1.481876085226427331e-01
-2.003351189098676599e-01 7.238304250314424315e-02
-1.968165801906742729e-01 3.518538719194337638e-02
-1.951042774001372493e-01 1.712302790536822383e-02
-1.942712578564638193e-01 8.330195436725333288e-03
-1.938659811769589680e-01 4.052766795050142222e-03
-1.936688136432920260e-01 1.971675336680646460e-03
-1.935728797752993557e-01 9.593386799219604313e-04
-1.935262218766240494e-01 4.665789867653453689e-04
-1.935035145893895248e-01 2.270728723377485152e-04
-1.934924771211115058e-01 1.103746827882947051e-04
-1.934871007433258683e-01 5.376377785330937217e-05
-1.934844802312198908e-01 2.620512104388846497e-05
-1.934832205630314661e-01 1.259668189362804898e-05
-1.934826010984700417e-01 6.194645613381608804e-06
-1.934822912332805345e-01 3.098651887881044006e-06
