0.0,	0.8908845937813212,	nan,	-4369.316668522548,	0
0.05,	0.7692760510052749,	0.2363974925620694,	-4362.365150631897,	46.458671211545706
0.1,	0.8224990272922402,	0.3238907821344819,	-4396.76385173351,	92.31145343071007
0.15,	0.9776319166119672,	0.7414646932203877,	-4506.431510264008,	685.6490187103307
0.2,	1.152987931192091,	0.9766354630755457,	-4732.059262055079,	1171.0604703526274
0.25,	1.6678358336352206,	1.9434901284819934,	-5328.1400308214,	2325.718432884631
0.3,	2.001780358329505,	1.921361458881079,	-5638.066300691094,	2333.811900153188
0.35,	2.405807597357812,	2.371067944644107,	-6186.884805188116,	3007.7834483135994
0.4,	3.0152348365416803,	2.6641550459106704,	-7060.046830300347,	3334.4640203046506
0.45,	3.56240879930409,	2.9371233301202215,	-7642.508892186634,	3544.2716675086644
0.5,	3.9191472205111335,	3.0332219666874543,	-8435.18519011255,	3869.1181047602163
0.55,	4.24990451968404,	3.126461878471534,	-8745.382912360777,	3909.9566451888236
0.6,	4.475017433784999,	3.201680381665834,	-9441.181904962725,	4598.244332215061
0.65,	4.854786854821737,	3.3899110547189957,	-10090.113815224258,	4605.577724212009
0.7,	5.224050620899458,	3.5093877161252407,	-10733.910234990728,	5161.206159691572
0.75,	5.733414313488462,	3.871570450183975,	-12093.320229254521,	7108.3754100715705
0.8,	6.110672883870422,	4.062749372418824,	-12566.877724558939,	7518.124957622168
0.85,	6.3247128937913395,	3.9474282504574303,	-12991.03671466846,	7694.036880050878
0.9,	6.3248061019979245,	4.081580654221801,	-13763.169421227574,	7764.49597132963
0.95,	6.483678707257213,	4.102318387987024,	-14155.257767165402,	8706.004385663058
1.0,	6.89541556576813,	4.343248568465368,	-15040.266249103463,	10059.866635246663
