0.000000000000000000e+00 3.141592653589793116e+00 0.000000000000000000e+00 0.000000000000000000e+00
5.472987180257460338e-02 -3.062444334772075116e+00 1.093420224266379304e+00 1.561209040319895713e+00
2.097996821516749932e-01 -2.850224610399284764e+00 2.003478974910102295e+00 2.618662536328487001e+00
3.904185957557686493e-01 -2.641207122084390235e+00 1.608597624218329969e+00 1.523428154088929842e+00
5.452246579671387039e-01 -2.533600876465772700e+00 1.487830946938144328e+00 6.091860137408940945e-01
6.453495107766329397e-01 -2.572224480915976663e+00 5.137961872840997035e-01 -1.380107429649759077e+00
6.372760890197213257e-01 -2.821018343981414489e+00 -6.785415350665970902e-01 -3.577443658544933403e+00
5.098347623033605558e-01 3.006036340015811881e+00 -1.859964384949169158e+00 -5.435173323423963865e+00
2.696375677364546419e-01 2.411022737674029415e+00 -2.917450785884769360e+00 -6.243426802585006818e+00
-3.424294482563805531e-02 1.833276607740772945e+00 -3.161386932067216105e+00 -5.211449496830550920e+00
-2.989032628665242441e-01 1.391038927854192586e+00 -2.146599996257045451e+00 -3.740735146683327628e+00
-4.598403006373104063e-01 1.062701988434308298e+00 -1.077300703861793663e+00 -2.932701953572448339e+00
-5.319384622373206639e-01 7.992232636138933977e-01 -3.660973677041248209e-01 -2.411139367427903579e+00
-5.452126147819109647e-01 5.800096794423419411e-01 1.007330006803753841e-01 -2.030444777058028727e+00
-5.154909724718210740e-01 3.872787543309721414e-01 4.949469652213842052e-01 -1.875916381056105919e+00
-5.026876326349873914e-01 2.741038172860501554e-01 -2.394690387214724603e-01 -4.062005220122317795e-01
-4.895282230055095773e-01 1.990408892472785851e-01 5.038956309277398127e-01 -1.117510996387393263e+00
-4.317871802888633148e-01 8.828073932596236517e-02 6.521189056898778480e-01 -1.126578136950802111e+00
-3.747203902190001656e-01 -8.613013017958248696e-03 4.902499463456219120e-01 -8.362163351267049016e-01
-3.452268507851292689e-01 -6.594058767623334205e-02 1.003267584464273554e-01 -3.256385570997810674e-01
-3.626135533992718152e-01 -6.354937939088012300e-02 -4.480767497261280985e-01 3.738527470711712208e-01
-4.154418185611783443e-01 -1.801878292305314488e-02 -6.090247491960262272e-01 5.485991840801291985e-01
-4.452493178080678682e-01 -9.221908091622044168e-03 1.275740085983134708e-02 -3.700918296902083737e-01
-4.651421760164158314e-01 -1.642807237174892521e-02 -4.105156253273098410e-01 2.238785279669057715e-01
-5.121127640004545789e-01 1.407050557857525419e-02 -5.292504599073766247e-01 3.939589041457929319e-01
-5.348607763802530890e-01 1.073159178062654817e-02 7.431243339403126313e-02 -4.613149287842004398e-01
-5.452502600775086528e-01 -9.321236853808478884e-03 -2.818564617676386219e-01 5.487411718680490491e-02
-5.969119303204051263e-01 3.040070190329657862e-02 -7.518130891671528371e-01 7.495767842149226867e-01
-6.274058470437995361e-01 4.322466897228949279e-02 1.417405701714048449e-01 -4.891789343553311076e-01
-6.251142690044888539e-01 1.387365325108858016e-02 -9.556835688000811513e-02 -1.055251633706723036e-01
-6.517698541230583231e-01 2.940736266367283136e-02 -4.377092218826647008e-01 4.200205480608636410e-01
