0.0,	0.03128058689980626,	nan,	-1886.2201197807774,	0.00016361480792644357
0.05,	0.10859866949215016,	0.07021631027299692,	-1899.2848166703805,	21.30583567052507
0.1,	0.21375558717329998,	0.14372624645105717,	-1936.819117544268,	45.99381451334295
0.15,	0.31601660619261357,	0.21166447370260927,	-2005.4532641675244,	76.7379863388821
0.2,	0.43294645700703926,	0.28226341978046343,	-2093.6843275154833,	110.64038980247008
0.25,	0.5193125901609048,	0.32579333274983485,	-2205.762707288003,	143.55985287921368
0.3,	0.5908145147078204,	0.4106593762319298,	-2341.9917495901564,	191.63706403998327
0.35,	0.7236093811630832,	0.49971170853381186,	-2494.3722649804117,	246.92914720895678
0.4,	0.831996391448861,	0.5645286211674297,	-2696.9718050260867,	335.9074414767976
0.45,	0.9224651564881288,	0.6419814410163207,	-2901.4424775369694,	391.8186357012871
0.5,	1.0407635344441164,	0.6920675875877875,	-3127.1467881031185,	449.57066305014575
0.55,	1.161327091098969,	0.7865431246452095,	-3370.379821937635,	487.97831110835307
0.6,	1.2744441014593653,	0.8063704068955462,	-3737.958351548934,	613.7429731108281
0.65,	1.4051359947013415,	0.9194868957374042,	-4018.8342060472146,	688.2341780141886
0.7,	1.5133930300681842,	1.0076997389335365,	-4326.42701425617,	788.5487446853402
0.75,	1.499403307510906,	1.0119694217723072,	-4656.515584516932,	910.8189233486034
0.8,	1.647823400544296,	1.0885671284383907,	-5020.811274203269,	966.680586103789
0.85,	1.899196523207334,	1.2959212824481694,	-5540.612329143163,	1213.9457457149379
0.9,	1.8998267509652988,	1.380031225620836,	-5829.180294003802,	1383.357788134845
0.95,	2.1266161620175894,	1.5979328811693214,	-6185.881938364253,	1344.9997385056508
1.0,	2.140327731452565,	1.3988033655543028,	-6610.948050323687,	1525.0782554039592
