0.0,	0.9701520518419029,	nan,	-4548.279517609394,	0
0.004,	1.4887593874942866,	1.2035297270214447,	-5418.49732499797,	1369.529016796937
0.008,	2.021681529809092,	1.2895669781747732,	-6053.000844182405,	1610.5133416291753
0.012,	3.0450324740042563,	2.025745081897721,	-6743.469661579978,	1790.9166677243134
0.016,	3.5857310600010974,	1.9924093150458284,	-7549.383017956658,	1838.3190116662172
0.02,	3.9588830790282064,	1.988416587700342,	-8342.130000474797,	1960.0315059094921
0.024,	4.3826976908330035,	2.1466248105916326,	-8933.428245566689,	1917.9744453913404
0.028,	4.585586951421246,	2.231004140670671,	-9652.333986910799,	2033.3161842890108
0.032,	4.829531557549252,	2.225084215012216,	-9792.593346477688,	2054.9614032156733
0.036,	4.873752038938665,	2.132096050310732,	-10388.62775859811,	2344.881069576233
0.04,	4.924643900161514,	2.179034627386093,	-10591.475596226206,	2586.0951972044704
