0.000000000000000000e+00 3.141592653589793116e+00 0.000000000000000000e+00 0.000000000000000000e+00
5.837840332835675383e-02 -3.057171085606141148e+00 1.166278190912523716e+00 1.665051088577167437e+00
2.326126370888159656e-01 -2.818349607096552134e+00 2.312498374410883795e+00 3.034068459127690964e+00
4.686960991724564707e-01 -2.537822958411468655e+00 2.406527194579337170e+00 2.511064619192300285e+00
6.944620558060563553e-01 -2.348639557153895829e+00 2.110988418796109656e+00 1.249420544701766111e+00
8.924506778973100296e-01 -2.289412970827808813e+00 1.849875235056773759e+00 -7.055898122741366407e-02
1.019359468954288417e+00 -2.406792155062049687e+00 6.839647661516814470e-01 -2.285636078357727641e+00
1.027848088355952427e+00 -2.748341898794990357e+00 -5.202758139588004038e-01 -4.537198772984799788e+00
9.155835132698202372e-01 2.979989866047441538e+00 -1.709122142451179549e+00 -6.426153291638065035e+00
7.083222581178465482e-01 2.315032027449989371e+00 -2.407920886905922320e+00 -6.650534862388639112e+00
5.093425240231974627e-01 1.742176430359196004e+00 -1.586685422831260794e+00 -4.857362458390454663e+00
3.724276597411648737e-01 1.328690296176367802e+00 -1.164804621193882284e+00 -3.458088418762197414e+00
3.102639193057425970e-01 1.023094479156761771e+00 -8.220052627647000953e-02 -2.756427838366186656e+00
3.539922836497506609e-01 7.600242389964058098e-01 9.577465155691837762e-01 -2.598968432646544091e+00
4.786542584283441926e-01 5.120874279426423925e-01 1.536505631344180944e+00 -2.430420500424524288e+00
6.399150669583031359e-01 2.891953737412165104e-01 1.689451833922462898e+00 -2.081448459915949734e+00
7.967099265641874872e-01 1.144499162943803938e-01 1.447327182509617671e+00 -1.454226676157039488e+00
9.228391133701512317e-01 1.336070869151662066e-03 1.076337854447264819e+00 -8.365844458175946130e-01
1.006128964564073414e+00 -4.817041309895975232e-02 5.900698037260418971e-01 -1.668027575893235026e-01
1.048740205266969205e+00 -4.448768756634047250e-02 2.621182969593027767e-01 2.412870020709171892e-01
1.080970608044129477e+00 -3.192463751841456698e-02 3.823409270205826438e-01 1.329279788022333375e-02
1.116271453182925200e+00 -2.853945574901439741e-02 3.236369594953253381e-01 5.527727077133545025e-02
1.149790989479838821e+00 -2.666516932479900959e-02 3.467304727765890271e-01 -1.728076755898486777e-02
1.182264184004501395e+00 -2.711404537818840055e-02 3.027394728288852477e-01 8.177479119076715153e-03
1.212284782997626209e+00 -2.787172096850598635e-02 2.976809983421178640e-01 -2.351737238080570114e-02
1.240026220610745966e+00 -2.930344161016140703e-02 2.571652928920032943e-01 -5.495926674311504140e-03
1.264365098983697422e+00 -2.995518036333155720e-02 2.296201625090386333e-01 -7.707888938750266303e-03
1.285332408668093507e+00 -2.996696967260170652e-02 1.897267239770223102e-01 7.463510486642949485e-03
1.302718453016819211e+00 -2.903051470540685131e-02 1.579834158234329489e-01 1.150736703996563595e-02
1.317000479990753981e+00 -2.771604254558690528e-02 1.276418923448998932e-01 1.512229415457378920e-02
1.328328624924402845e+00 -2.605474213793623761e-02 9.890166131641835168e-02 1.853418027321124956e-02
