0.0,	0.03889391749456949,	0,	-10355.255632185836,	0
0.1,	0.044066020847431345,	0.013813094884345763,	-10317.644364603026,	108.9437110515
0.2,	0.040652794344268176,	0.0160559893790243,	-10376.355390650073,	140.04640976413336
0.3,	0.044021693655503354,	0.016859473475655383,	-10506.776149635827,	159.71036454578808
0.4,	0.04230547369716863,	0.020612064576216754,	-10630.64259761321,	240.9204049248098
0.5,	0.04499581530187296,	0.018658242386843917,	-10842.85606362318,	273.7846988690798
0.6,	0.047323248341243566,	0.020422878152177568,	-11092.822347513516,	405.5764014285833
0.7,	0.04895592877991808,	0.020190400443031848,	-11375.384843695103,	508.25041976007907
0.8,	0.047075115222374425,	0.021139976093861704,	-11675.595548579942,	558.6269286384215
0.9,	0.05242449034168836,	0.021624509158067608,	-12004.216531392029,	594.3235354124109
1.0,	0.05535578450085813,	0.021825271472089673,	-12484.849202647432,	771.5341011611429
