3.141592653589793116e+00 0.000000000000000000e+00
-2.933269459897180020e+00 2.083231936926129624e+00
-2.603971709796694789e+00 3.292977501004851870e+00
-2.231394018286726677e+00 3.725776915099678455e+00
-1.876803543042152356e+00 3.545904752445742325e+00
-1.551775285490600176e+00 3.250282575515517802e+00
-1.261099773401564761e+00 2.906755120890347488e+00
-1.016833430951207262e+00 2.442663424503587422e+00
-8.094258122423898527e-01 2.074076187088169654e+00
-6.304965396298989333e-01 1.789292726124898980e+00
-4.789230645444035872e-01 1.515734750854960122e+00
-3.614914798082295988e-01 1.174315847361734333e+00
-2.758092373913392237e-01 8.568224241689033072e-01
-2.157219369198788428e-01 6.008730047146142450e-01
-1.747315735479553211e-01 4.099036337192230040e-01
-1.473525863604443487e-01 2.737898718751308191e-01
-1.287366818365924814e-01 1.861590452385011585e-01
-1.159221078309009556e-01 1.281457400569169236e-01
-1.070171143531659652e-01 8.904993477735609342e-02
-1.007701881222082818e-01 6.246926230957876303e-02
-9.634767531612276059e-02 4.422512806085231174e-02
-9.318959807548665708e-02 3.158077240636865402e-02
-9.091643761466983165e-02 2.273160460816498959e-02
-8.926838763130717780e-02 1.648049983361277171e-02
-8.806585018225732142e-02 1.202537449049762355e-02
-8.718342665943978886e-02 8.824235228181752724e-03
-8.653270092411524672e-02 6.507257353247283653e-03
-8.605081393366731390e-02 4.818869904475678312e-03
-8.569267248063461295e-02 3.581414530324972083e-03
-8.542569435364022468e-02 2.669781269942854505e-03
-8.522615797753552158e-02 1.995363761043841659e-03
