0.0,	0.38647589570799373,	nan,	-2083.9329126891334,	0
0.05,	0.4071092803862985,	0.02835165222497028,	-2103.8727864757757,	30.52122431099588
0.1,	0.4511684049913224,	0.08438247724290336,	-2152.9597653899154,	67.16175194645122
0.15,	0.5150960103005305,	0.16390569781569692,	-2226.2260006372326,	105.34886472780161
0.2,	0.590008334971299,	0.2504316927094099,	-2303.935741947521,	144.9082159155273
0.25,	0.6217424418181435,	0.3115440785086931,	-2400.682824426168,	201.6385658792848
0.3,	0.7552164630277938,	0.4573267323900888,	-2522.7289893880384,	263.03935515492543
0.35,	0.8168774701885995,	0.49408420586027685,	-2617.233697026662,	270.5754607109271
0.4,	0.8465911406187145,	0.5196242554277892,	-2799.56603049793,	385.2599516975506
0.45,	1.0005158471213869,	0.6511680279558768,	-2980.2653192347852,	452.53968000855735
0.5,	1.0634440249124772,	0.6749516280763422,	-3264.633027611211,	493.60495176965725
0.55,	1.0890575971463345,	0.7425895226605733,	-3428.2529881212376,	554.9604128369355
0.6,	1.3383908134288558,	0.8663026372491144,	-3724.024763355658,	666.1311522994223
0.65,	1.4338865092431985,	0.904722020811482,	-3996.481862555316,	681.8648054230509
0.7,	1.5232968989646016,	1.0167805169956448,	-4350.775199183294,	860.0563389031735
0.75,	1.5819083259266258,	1.0649528518595257,	-4682.951753602494,	933.934147704065
0.8,	1.7126342868488718,	1.1673341587559367,	-5037.357496877659,	1096.7821492640178
0.85,	1.8584335234909761,	1.214492602934213,	-5239.2980067488825,	1078.0667113632844
0.9,	2.043690423659119,	1.3522555076441685,	-5724.672993656789,	1287.9748594265313
0.95,	2.0322506914717273,	1.4197956682080835,	-6103.389878434816,	1372.153983546206
1.0,	2.358751039957658,	1.5235560708264144,	-6518.963786747964,	1411.3714585870086
