3.141592653589793116e+00 0.000000000000000000e+00
-2.889768519435454763e+00 2.518241341543380862e+00
-2.537615715386056792e+00 3.521528040493986822e+00
-2.172397336868220563e+00 3.652183785178360065e+00
-1.821238193115902959e+00 3.511591437523180481e+00
-1.503088199299340566e+00 3.181499938165626595e+00
-1.223494851151347262e+00 2.795933481479921046e+00
-9.948628437228688171e-01 2.286320074284797776e+00
-8.141097175424683030e-01 1.807531261804002032e+00
-6.637338824836298556e-01 1.503758350588388915e+00
-5.286284788869188844e-01 1.351054035967096834e+00
-4.208789890996857963e-01 1.077494897872339763e+00
-3.305460444506298501e-01 9.033294464905592402e-01
-2.597126887403291562e-01 7.083335571030069389e-01
-2.082871567301154414e-01 5.142553201021258236e-01
-1.703722235068045876e-01 3.791493322331191407e-01
-1.419807647765694014e-01 2.839145873023561362e-01
-1.204144737866226222e-01 2.156629098994687632e-01
-1.023699458415645580e-01 1.804452794505821411e-01
-8.610473290594100604e-02 1.626521293562334380e-01
-7.126946922072896484e-02 1.483526368521180805e-01
-5.771280459499372739e-02 1.355666462573557052e-01
-4.531963354405021960e-02 1.239317105094460691e-01
-3.398848199211457199e-02 1.133115155193584189e-01
-2.362745234184338017e-02 1.036102965027033140e-01
-1.415295823057505231e-02 9.474494111267411922e-02
-5.488815987424899845e-03 8.664142243151400080e-02
2.434438454391951723e-03 7.923254441816687810e-02
9.680248268260527311e-03 7.245809813869581728e-02
1.630655506453493331e-02 6.626306796272617150e-02
2.236627190718998293e-02 6.059716842656040492e-02
