0.0,	0.0806354354444532,	7.826865581921173e-09,	-4209.053334249951,	0.0005853661322385588
0.1,	0.4968662691364287,	0.2882414990087576,	-4304.340318268797,	100.1266452178262
0.2,	0.9223404418745206,	0.5393887061821807,	-4531.684889224477,	502.1775510359745
0.3,	1.2555149876756149,	0.7856867544712538,	-5006.742015116402,	1000.4357832330008
0.4,	1.890454182784727,	1.340264665369539,	-5636.539165811412,	1342.924545895759
0.5,	2.477977022064238,	1.6199053065718454,	-6331.45334355635,	1659.4370314416117
0.6,	3.1879944979294157,	1.9250159749668507,	-7339.918532657835,	2463.0878292506145
0.7,	3.902121698876393,	2.3229892297010273,	-8065.064697151943,	2249.931973206813
0.8,	4.721176309038269,	2.597873101429882,	-9165.945826649615,	3455.4670027932293
0.9,	5.171822200000882,	2.8040961867636995,	-10315.546954987012,	4483.284701581844
1.0,	5.6437051518137915,	3.0721692012422124,	-11384.352714644112,	5289.070023478692
