0.000000000000000000e+00 3.141592653589793116e+00 0.000000000000000000e+00 0.000000000000000000e+00
-5.837840332835675383e-02 3.057171085606141148e+00 -1.166278190912523716e+00 -1.665051088577166993e+00
-2.132468002633514104e-01 2.845950578828880140e+00 -1.926891518147172411e+00 -2.496888303676819909e+00
-3.846861987742524747e-01 2.651181548446491121e+00 -1.501764634905843554e+00 -1.363490429245547420e+00
-5.200202929690718179e-01 2.569713130517349953e+00 -1.205383102589268729e+00 -2.528998525104868556e-01
-5.887904370822418798e-01 2.646828052904553807e+00 -1.684586069727815882e-01 1.791169858855056862e+00
-5.506903847727842027e-01 2.928433669974519482e+00 9.315761684078320837e-01 3.805467294928982280e+00
-4.075003928689588939e-01 -2.896421922281480654e+00 1.919207644601257812e+00 5.233027831180352862e+00
-1.622953244098797043e-01 -2.332388994126624482e+00 2.962349025775089295e+00 5.836558159402247981e+00
1.557877743624485056e-01 -1.791398102565041839e+00 3.401479200833776861e+00 4.873809184641467951e+00
4.431201803934214922e-01 -1.380991100792734017e+00 2.358676373111835645e+00 3.439229847490018699e+00
6.297391158421303814e-01 -1.084727798200852078e+00 1.378673749417393735e+00 2.575730014977108517e+00
7.137858847727365230e-01 -8.453279150860204538e-01 3.019636877375975192e-01 2.298471557548150468e+00
7.114399368285453384e-01 -6.314487701541899867e-01 -3.495261807181998526e-01 2.041487363646834030e+00
6.562868904903083056e-01 -4.408694657082001811e-01 -7.545374033674318026e-01 1.820878062030304001e+00
5.787077589886497897e-01 -2.828359218973020006e-01 -7.977637700844805169e-01 1.377273696846813555e+00
5.049956605548020505e-01 -1.709066476505149978e-01 -6.772728955834779185e-01 8.882486812541269261e-01
4.413754883173273136e-01 -9.835904671854756032e-02 -5.958581070151299786e-01 5.810840511713328826e-01
3.878569975844401441e-01 -5.496030561608833409e-02 -4.749902833435747374e-01 2.980703299399595774e-01
3.384660653396167618e-01 -2.563322781968935260e-02 -5.131722430266411061e-01 2.960949084112379781e-01
2.941941085740578110e-01 -7.614762826978704879e-03 -3.724813615129196620e-01 6.901863428696711211e-02
2.529621481879598122e-01 4.801127714683772751e-03 -4.523020301797678333e-01 1.824875878548128105e-01
2.138022648831165995e-01 1.484186919936192339e-02 -3.310180813491035989e-01 2.099557630645720874e-02
1.779685904871355362e-01 2.211716171401434394e-02 -3.857387993936418069e-01 1.263626350221129235e-01
1.447352645313277897e-01 2.875270775354721309e-02 -2.790093931925139992e-01 8.118519944329133375e-03
1.153490212149210770e-01 3.387283740024393808e-02 -3.087739118415551154e-01 9.558291278445277261e-02
8.964524167947507394e-02 3.846056148882759373e-02 -2.053587317006188018e-01 -2.597715785964335722e-03
6.786785076102930248e-02 4.282689609010859044e-02 -2.302384855513648354e-01 9.102506247348154944e-02
5.095927598949545612e-02 4.620706223266246582e-02 -1.079762178954604968e-01 -2.249914684011060373e-02
3.915921132972854934e-02 4.874375074204984060e-02 -1.280530357367260508e-01 7.385817409773288988e-02
3.317781038937361870e-02 4.974940687775486481e-02 8.409881084777554028e-03 -5.343759690082376668e-02
