0.0,	0.19756421184751216,	9.54868649142759e-09,	-4356.324457656061,	0
0.05,	0.4151112873170915,	0.2725304669278488,	-4378.024474061423,	37.61642996938698
0.1,	0.6768745118065778,	0.4111184621489032,	-4434.482045865397,	79.51022079603848
0.15,	0.9130383858398797,	0.4960483347939717,	-4510.016757408709,	130.72491249196284
0.2,	1.148869025550859,	0.7370275715065681,	-4631.358611265171,	406.06173366651836
0.25,	1.3345024008706565,	0.7470203099502717,	-4838.11178752321,	716.9944287716493
0.3,	1.6250224121979016,	1.005520016894843,	-5110.238375933306,	1092.9129825918844
0.35,	1.990614534633706,	1.315688327376916,	-5727.5311782363915,	1622.377468049267
0.4,	2.4693866924058114,	1.7571419675954012,	-6125.262129397846,	1807.9150639896095
0.45,	2.7662605611751117,	2.081048466024395,	-6639.497119828615,	2145.7279965151465
0.5,	3.2949606697695795,	2.4026791690411784,	-7271.1659621307,	2414.7874525491206
0.55,	3.461400123471112,	2.3045319631850147,	-7687.157077450572,	2376.933673508798
0.6,	3.8522873348060847,	2.510953210581647,	-8250.908948901499,	2677.985411074159
0.65,	4.08619714288408,	2.5066167750847224,	-8735.764708938725,	2730.929256314548
0.7,	4.462881113030639,	2.6380389036693708,	-9273.164918325021,	2880.853318305929
0.75,	4.859677541246067,	2.62943473056035,	-9905.461091482926,	3605.886792747687
0.8,	5.164889134530604,	2.772126876830603,	-10501.676465768925,	3316.234027026986
0.85,	5.127244483695939,	2.570016298239259,	-10779.552041572866,	3349.4773371158785
0.9,	5.565464923949976,	2.8385405878547556,	-11898.524837560857,	6015.384212101667
0.95,	6.027639532993444,	3.1453296745392416,	-11975.8973905122,	4780.82805963458
1.0,	6.1218408879333595,	2.9997234229512895,	-12616.764732492025,	5333.7663079716185
