0.0,	0.29202737190237443,	0,	-4287.4235774680865,	0
0.05,	0.4078666052414406,	0.14764399074021503,	-4293.744398398991,	20.483796108867832
0.1,	0.46127693608249226,	0.21845514813175168,	-4323.186340972665,	44.90569373981819
0.15,	0.5932407680583589,	0.30924806264881755,	-4372.31307586887,	97.95195413686598
0.2,	0.8101885930234068,	0.6632002522266617,	-4477.996714222943,	327.20935419745985
0.25,	1.002597146523854,	0.7448366969083282,	-4699.164489310919,	726.9957063306395
0.3,	1.3845322425042945,	1.1951661344350306,	-5006.108509641761,	1047.235678683279
0.35,	1.43027752277509,	1.038649599192129,	-5263.356641991925,	1174.715744182933
0.4,	1.8875585427796624,	1.4417274898999204,	-5568.718066201187,	1420.2877329572616
0.45,	2.2002418368232513,	1.58528231563875,	-6012.820002414146,	1533.6657015657722
0.5,	2.6011995690650496,	1.768453626104319,	-6470.969975275155,	1874.6075122106129
0.55,	3.026517517127077,	1.9604215567396661,	-7038.773562440706,	2102.345956938184
0.6,	3.3269803125894213,	2.203273054378179,	-7562.539681657703,	2260.8928198932886
0.65,	3.7381218167627286,	2.2609698336738355,	-7998.640662189483,	2417.9947457390385
0.7,	4.091309007076117,	2.245229150614392,	-8600.472094077333,	2574.5893526919754
0.75,	4.0643733379417935,	2.3331424910607903,	-9011.50566051294,	2703.166022313882
0.8,	4.371809813054872,	2.32127449906355,	-9266.976568412716,	2780.5672783165037
0.85,	4.712929442616704,	2.3462863525883937,	-9821.6578031882,	3087.327976778201
0.9,	4.949439228949316,	2.503141936065899,	-10542.822659690668,	3413.216334198937
0.95,	5.155872326096313,	2.669041902310639,	-10864.632370411293,	3474.56916124665
1.0,	5.405475492478558,	2.717454746137974,	-11462.269338364982,	3927.389312319034
