0.0,	0.047069488838715735,	0,	-10720.92992389458,	0
0.1,	0.05526936067411285,	0.013395929191085554,	-11049.341286315788,	328.5812595253704
0.2,	0.0535552036616129,	0.0190432545750746,	-11053.843465242022,	360.28262725410394
0.3,	0.05654483001068461,	0.028364965077833405,	-11250.487704456118,	480.87897588465256
0.4,	0.05794753099940831,	0.028657585932816147,	-11466.311729962927,	509.3276329424076
0.5,	0.06930122924972265,	0.0496009119591992,	-11781.907458851956,	587.0964829251282
0.6,	0.10557107978201223,	0.06497445188026603,	-12374.964866150687,	649.9150199758639
0.7,	0.10479332490916031,	0.06471989045764324,	-12561.610418693603,	766.5774794530342
0.8,	0.13772993399743583,	0.051582983945991215,	-12984.4806758551,	748.6820445329274
0.9,	0.1467171836189826,	0.04118275075194851,	-13280.623779858552,	815.3008059308088
1.0,	0.1443443654339552,	0.04004315216831236,	-13735.46578763192,	807.1311458775039
