0.0,	0.4986026416878458,	nan,	-4485.562683804193,	0.0002534709705168165
0.05,	0.5188516107553641,	0.1349806176208173,	-4484.760672269797,	43.93741292341284
0.1,	0.7100059578751471,	0.3153871293862013,	-4524.526212122775,	88.00995908876367
0.15,	0.8292123995440625,	0.39743109943668503,	-4580.760858958629,	165.47861910583273
0.2,	0.9081144032134547,	0.4447679853312807,	-4653.452512069,	252.24769438739773
0.25,	1.1611824773033588,	0.7958361068586346,	-4813.21607503145,	568.8028977713604
0.3,	1.4375411952009811,	1.0348157282372499,	-5058.273311551501,	885.7123941042158
0.35,	1.7126174613629603,	1.388558283279763,	-5376.182148352386,	1248.0251468464428
0.4,	2.096954135552835,	1.7285009178298103,	-5650.165150747334,	1458.3603870294105
0.45,	2.5650592221195136,	1.9925248224827603,	-6317.058651303328,	1819.1483488629476
0.5,	2.817269499419752,	2.071037537166097,	-6751.950974871449,	2019.1008626913742
0.55,	3.1352184078935994,	2.1067874312450936,	-7234.673800282493,	2178.564272506001
0.6,	3.553656829893789,	2.356641539379073,	-7703.70015512945,	2260.774014753761
0.65,	3.7897454495989766,	2.2072686503402976,	-8300.123927469322,	2811.2722099496277
0.7,	4.212709200765776,	2.48161671916466,	-8542.163543054434,	2722.557367743584
0.75,	4.4361472748098425,	2.4484348746538167,	-8974.86052751128,	3084.441604303646
0.8,	4.319938924322801,	2.317101988057699,	-9579.57660296831,	3307.610198473544
0.85,	4.793214259157568,	2.608602175727987,	-10167.27551788425,	3519.256065448567
0.9,	4.841829836550197,	2.3973885485121893,	-10518.482755606015,	3458.8731859754394
0.95,	5.227677885472689,	2.556898284572434,	-11107.905375529877,	4242.012777334242
1.0,	5.7471956069805,	2.8693204774150103,	-12429.908838085023,	5911.343481475063
