3.141592653589793116e+00 0.000000000000000000e+00
-2.908204797855388435e+00 2.333878557344049920e+00
-2.563659616586340562e+00 3.445451812690472515e+00
-2.185648720900886133e+00 3.780108956854541180e+00
-1.817638402370322481e+00 3.680103185305633406e+00
-1.482170553569399196e+00 3.354678488009233739e+00
-1.180301402654354348e+00 3.018691509150440933e+00
-9.324182033120074209e-01 2.478831993423478597e+00
-7.384300849500817776e-01 1.939881183619260208e+00
-5.824866608474330576e-01 1.559434241026499857e+00
-4.560775448354768002e-01 1.264091160119549029e+00
-3.612559816294034221e-01 9.482156320607413313e-01
-2.813775958346518280e-01 7.987838579475264877e-01
-2.178191636557116340e-01 6.355843217893881736e-01
-1.624217358206045958e-01 5.539742783510854807e-01
-1.239847146177410764e-01 3.843702120286178747e-01
-1.000904864699379004e-01 2.389422814780448046e-01
-8.926882473539343721e-02 1.082166173454472691e-01
-8.328554583185265869e-02 5.983278903541942861e-02
-7.856416581142688926e-02 4.721380020425059582e-02
-7.442444443920592789e-02 4.139721372222220780e-02
-7.070951271827041751e-02 3.714931720933896397e-02
-6.723766416368626153e-02 3.471848554585289792e-02
-6.371924077341617476e-02 3.518423390269610762e-02
-6.010770651619168348e-02 3.611534257226595157e-02
-5.639344583348915307e-02 3.714260682700934457e-02
-5.257235881025934532e-02 3.821087023229552404e-02
-4.864111625321143606e-02 3.931242557049628716e-02
-4.451369270036842352e-02 4.127423552842260368e-02
-3.979390859279163806e-02 4.719784107576185939e-02
-3.421574377898295438e-02 5.578164813808508815e-02
