0.000000000000000000e+00
-6.399152755737304688e+00
-4.129899501800537109e+00
-3.479506969451904297e+00
-4.027572631835937500e+00
-4.666677474975585938e+00
-3.615993261337280273e+00
-3.830346107482910156e+00
-3.915901660919189453e+00
-3.183862686157226562e+00
-1.593926310539245605e+00
-1.146965861320495605e+00
-9.763019680976867676e-01
-8.257507085800170898e-01
-6.653990149497985840e-01
-5.500813722610473633e-01
-4.638010859489440918e-01
-3.987203240394592285e-01
-3.510367870330810547e-01
-3.139907419681549072e-01
-2.848123311996459961e-01
-2.632894515991210938e-01
-2.472481727600097656e-01
-2.352553755044937134e-01
-2.262800931930541992e-01
-2.195648849010467529e-01
-2.145390510559082031e-01
-2.107793390750885010e-01
-2.079667001962661743e-01
-2.058617919683456421e-01
-2.042874246835708618e-01
