0.0,	1.0070822995539639,	nan,	-4311.264908052873,	0
0.02,	0.8442233228470207,	0.3735029699563452,	-4362.673317959498,	152.43365196390144
0.04,	1.1809183959271565,	0.9358653184544989,	-4771.192482202809,	1023.6459655480188
0.06,	1.3499343546272258,	0.8849571584502464,	-5276.932441448013,	1409.1122020281866
0.08,	1.629138744792372,	1.0435154069428134,	-5688.430742657581,	1590.0829201281774
0.1,	1.8661728081794513,	1.2205597286306469,	-6031.010899485223,	1663.486695355026
0.12,	2.2924545867921426,	1.5759545139243003,	-6420.2154941257995,	1751.3755186687754
0.14,	2.7202746625543206,	1.789874832990627,	-6782.797342672154,	1803.8606200920349
0.16,	2.9964955182679347,	1.98916357889403,	-7094.783190854311,	1952.3935509261053
0.18,	3.4220543266049006,	2.2022269477926226,	-7442.129391605483,	1985.829452250541
0.2,	3.6895056742642147,	2.2199036010076667,	-7828.523581371749,	2090.578234835015
