0.000000000000000000e+00 0.000000000000000000e+00
-2.000000000000000000e+01 2.000000000000000000e+01
-2.000000000000000000e+01 2.000000000000000000e+01
-2.000000000000000000e+01 2.000000000000000000e+01
-1.978264045715332031e+01 1.999999618530273438e+01
-1.836849021911621094e+01 1.999996566772460938e+01
-1.610188293457031250e+01 1.999980163574218750e+01
-3.241877079010009766e+00 -2.000000000000000000e+01
-1.907091522216796875e+01 -2.000000000000000000e+01
-1.964855003356933594e+01 -2.000000000000000000e+01
-1.694411849975585938e+01 -2.000000000000000000e+01
-1.724935722351074219e+01 -2.000000000000000000e+01
-1.860813903808593750e+01 -2.000000000000000000e+01
-1.915128326416015625e+01 -2.000000000000000000e+01
-1.952525520324707031e+01 -2.000000000000000000e+01
-1.982665634155273438e+01 -2.000000000000000000e+01
-1.998873519897460938e+01 -2.000000000000000000e+01
-1.999999618530273438e+01 -2.000000000000000000e+01
-2.000000000000000000e+01 -2.000000000000000000e+01
-2.000000000000000000e+01 -2.000000000000000000e+01
-2.000000000000000000e+01 -2.000000000000000000e+01
-1.999970626831054688e+01 -2.000000000000000000e+01
-1.998016548156738281e+01 -2.000000000000000000e+01
-1.996811103820800781e+01 -2.000000000000000000e+01
-1.994288253784179688e+01 -2.000000000000000000e+01
-1.984829902648925781e+01 -2.000000000000000000e+01
-1.919163322448730469e+01 -2.000000000000000000e+01
-1.697001266479492188e+01 -2.000000000000000000e+01
-1.691652679443359375e+01 -2.000000000000000000e+01
-1.600896644592285156e+01 -2.000000000000000000e+01
-1.312026023864746094e+01 -2.000000000000000000e+01
-8.819609642028808594e+00 -2.000000000000000000e+01
-3.329684972763061523e+00 -2.000000000000000000e+01
1.913630962371826172e+00 -2.000000000000000000e+01
7.709483623504638672e+00 -2.000000000000000000e+01
1.999513435363769531e+01 -1.998841094970703125e+01
2.000000000000000000e+01 2.000000000000000000e+01
2.000000000000000000e+01 2.000000000000000000e+01
2.000000000000000000e+01 2.000000000000000000e+01
2.000000000000000000e+01 2.000000000000000000e+01
2.000000000000000000e+01 2.000000000000000000e+01
2.000000000000000000e+01 2.000000000000000000e+01
2.000000000000000000e+01 2.000000000000000000e+01
2.000000000000000000e+01 2.000000000000000000e+01
2.000000000000000000e+01 2.000000000000000000e+01
2.000000000000000000e+01 2.000000000000000000e+01
2.000000000000000000e+01 2.000000000000000000e+01
2.000000000000000000e+01 2.000000000000000000e+01
2.000000000000000000e+01 2.000000000000000000e+01
2.000000000000000000e+01 2.000000000000000000e+01
2.000000000000000000e+01 2.000000000000000000e+01
2.000000000000000000e+01 2.000000000000000000e+01
2.000000000000000000e+01 2.000000000000000000e+01
2.000000000000000000e+01 2.000000000000000000e+01
2.000000000000000000e+01 2.000000000000000000e+01
2.000000000000000000e+01 2.000000000000000000e+01
2.000000000000000000e+01 2.000000000000000000e+01
2.000000000000000000e+01 2.000000000000000000e+01
2.000000000000000000e+01 2.000000000000000000e+01
2.000000000000000000e+01 2.000000000000000000e+01
-1.999298286437988281e+01 2.000000000000000000e+01
1.500551128387451172e+01 2.000000000000000000e+01
-2.000000000000000000e+01 2.000000000000000000e+01
-2.000000000000000000e+01 2.000000000000000000e+01
-2.000000000000000000e+01 2.000000000000000000e+01
-1.758284568786621094e+01 2.000000000000000000e+01
-1.402452945709228516e+01 2.000000000000000000e+01
-1.836849021911621094e+01 1.999996566772460938e+01
-1.836849021911621094e+01 1.999996566772460938e+01
-1.835162734985351562e+01 1.999996566772460938e+01
-1.394197559356689453e+01 -1.998784637451171875e+01
-1.316086864471435547e+01 -2.000000000000000000e+01
-1.999840354919433594e+01 -2.000000000000000000e+01
-1.998834609985351562e+01 -2.000000000000000000e+01
-1.999970626831054688e+01 -2.000000000000000000e+01
-1.999997329711914062e+01 -2.000000000000000000e+01
-1.998853492736816406e+01 -2.000000000000000000e+01
-1.887484169006347656e+01 -2.000000000000000000e+01
-1.894602966308593750e+01 -2.000000000000000000e+01
-1.823085403442382812e+01 -2.000000000000000000e+01
-1.703964042663574219e+01 -2.000000000000000000e+01
-1.725181770324707031e+01 -2.000000000000000000e+01
-1.731171417236328125e+01 -2.000000000000000000e+01
-1.728987121582031250e+01 -2.000000000000000000e+01
-1.721503639221191406e+01 -2.000000000000000000e+01
-1.532238006591796875e+01 -2.000000000000000000e+01
-1.232918548583984375e+01 -2.000000000000000000e+01
-8.276081085205078125e+00 -2.000000000000000000e+01
-4.643212318420410156e+00 -2.000000000000000000e+01
-2.070011138916015625e+00 -2.000000190734863281e+01
4.171694755554199219e+00 -1.999957275390625000e+01
1.246081542968750000e+01 -1.999914360046386719e+01
2.000000000000000000e+01 2.000000000000000000e+01
2.000000000000000000e+01 2.000000000000000000e+01
2.000000000000000000e+01 2.000000000000000000e+01
2.000000000000000000e+01 2.000000000000000000e+01
2.000000000000000000e+01 2.000000000000000000e+01
2.000000000000000000e+01 2.000000000000000000e+01
2.000000000000000000e+01 2.000000000000000000e+01
2.000000000000000000e+01 2.000000000000000000e+01
2.000000000000000000e+01 1.999999809265136719e+01
2.000000000000000000e+01 1.999995613098144531e+01
2.000000000000000000e+01 2.000000190734863281e+01
2.000000000000000000e+01 2.000000000000000000e+01
2.000000000000000000e+01 2.000000000000000000e+01
2.000000000000000000e+01 2.000000000000000000e+01
2.000000000000000000e+01 2.000000000000000000e+01
2.000000000000000000e+01 2.000000000000000000e+01
2.000000000000000000e+01 2.000000000000000000e+01
2.000000000000000000e+01 2.000000000000000000e+01
2.000000000000000000e+01 2.000000000000000000e+01
2.000000000000000000e+01 2.000000000000000000e+01
2.000000000000000000e+01 2.000000000000000000e+01
2.000000000000000000e+01 2.000000000000000000e+01
2.000000000000000000e+01 2.000000000000000000e+01
2.000000000000000000e+01 2.000000000000000000e+01
2.000000000000000000e+01 2.000000000000000000e+01
2.000000000000000000e+01 2.000000000000000000e+01
-1.994317817687988281e+01 2.000000000000000000e+01
-1.999985694885253906e+01 2.000000000000000000e+01
-2.000000000000000000e+01 2.000000000000000000e+01
-6.152834892272949219e+00 2.000000000000000000e+01
-1.575133705139160156e+01 2.000000000000000000e+01
-1.836849021911621094e+01 1.999996566772460938e+01
-1.836849021911621094e+01 1.999996566772460938e+01
-1.483433246612548828e+01 -1.999994659423828125e+01
-1.982881736755371094e+01 -2.000000000000000000e+01
-1.999941062927246094e+01 -2.000000000000000000e+01
-2.000000000000000000e+01 -2.000000000000000000e+01
-2.000000000000000000e+01 -2.000000000000000000e+01
-2.000000000000000000e+01 -2.000000000000000000e+01
-2.000000000000000000e+01 -2.000000000000000000e+01
-1.999930572509765625e+01 -2.000000000000000000e+01
-1.591042900085449219e+01 -2.000000000000000000e+01
-1.656772041320800781e+01 -2.000000000000000000e+01
-1.694280433654785156e+01 -2.000000000000000000e+01
-1.708603477478027344e+01 -2.000000000000000000e+01
-1.717947006225585938e+01 -2.000000000000000000e+01
-1.708041381835937500e+01 -2.000000000000000000e+01
-1.506170654296875000e+01 -2.000000000000000000e+01
-1.259593391418457031e+01 -2.000000000000000000e+01
-9.679757118225097656e+00 -2.000000000000000000e+01
-6.750801086425781250e+00 -1.999999237060546875e+01
-4.185460090637207031e+00 -1.999966430664062500e+01
-2.172356128692626953e+00 -1.999445343017578125e+01
4.984935760498046875e+00 -1.817970848083496094e+01
1.999993896484375000e+01 1.999999618530273438e+01
2.000000000000000000e+01 2.000000000000000000e+01
2.000000000000000000e+01 2.000000000000000000e+01
2.000000000000000000e+01 2.000000000000000000e+01
2.000000000000000000e+01 -1.881713867187500000e+01
2.000000000000000000e+01 2.000000000000000000e+01
2.000000000000000000e+01 2.000000000000000000e+01
2.000000000000000000e+01 2.000000000000000000e+01
2.000000000000000000e+01 2.000000000000000000e+01
2.000000000000000000e+01 2.000000000000000000e+01
2.000000000000000000e+01 2.000000000000000000e+01
2.000000000000000000e+01 2.000000000000000000e+01
2.000000000000000000e+01 2.000000000000000000e+01
2.000000000000000000e+01 2.000000000000000000e+01
2.000000000000000000e+01 2.000000000000000000e+01
2.000000000000000000e+01 2.000000000000000000e+01
2.000000000000000000e+01 2.000000000000000000e+01
2.000000000000000000e+01 2.000000000000000000e+01
2.000000000000000000e+01 2.000000000000000000e+01
2.000000000000000000e+01 2.000000000000000000e+01
2.000000000000000000e+01 2.000000000000000000e+01
2.000000000000000000e+01 2.000000000000000000e+01
2.000000000000000000e+01 2.000000000000000000e+01
2.000000000000000000e+01 2.000000000000000000e+01
2.000000000000000000e+01 2.000000000000000000e+01
-1.999580192565917969e+01 2.000000000000000000e+01
-1.998511123657226562e+01 2.000000000000000000e+01
-7.486439228057861328e+00 2.000000000000000000e+01
-9.601817131042480469e+00 2.000000000000000000e+01
-1.809382438659667969e+01 1.999999237060546875e+01
-1.836849021911621094e+01 1.999996566772460938e+01
-1.624014854431152344e+01 -2.000000000000000000e+01
-2.000000000000000000e+01 -2.000000000000000000e+01
-2.000000000000000000e+01 -2.000000000000000000e+01
-2.000000000000000000e+01 -2.000000000000000000e+01
-2.000000000000000000e+01 -2.000000000000000000e+01
-2.000000000000000000e+01 -2.000000000000000000e+01
-2.000000000000000000e+01 -2.000000000000000000e+01
-2.000000000000000000e+01 -2.000000000000000000e+01
-1.999994277954101562e+01 -2.000000000000000000e+01
-1.569138431549072266e+01 -2.000000000000000000e+01
-1.634016036987304688e+01 -2.000000000000000000e+01
-1.667466926574707031e+01 -2.000000000000000000e+01
-1.689846801757812500e+01 -2.000000000000000000e+01
-1.624213218688964844e+01 -2.000000000000000000e+01
-1.436517906188964844e+01 -2.000000000000000000e+01
-1.175551509857177734e+01 -2.000000000000000000e+01
-8.597995758056640625e+00 -1.999999618530273438e+01
-5.799806594848632812e+00 -1.999663734436035156e+01
-4.713801860809326172e+00 -1.990863990783691406e+01
2.980464398860931396e-01 -1.919334793090820312e+01
1.999098587036132812e+01 1.170128059387207031e+01
2.000000000000000000e+01 2.000000000000000000e+01
2.000000000000000000e+01 2.000000000000000000e+01
2.000000000000000000e+01 2.000000000000000000e+01
2.000000000000000000e+01 -2.000000000000000000e+01
2.000000000000000000e+01 2.000000000000000000e+01
2.000000000000000000e+01 2.000000000000000000e+01
2.000000000000000000e+01 2.000000000000000000e+01
2.000000000000000000e+01 2.000000000000000000e+01
2.000000000000000000e+01 1.999961090087890625e+01
2.000000000000000000e+01 2.000000000000000000e+01
2.000000000000000000e+01 2.000000000000000000e+01
2.000000000000000000e+01 2.000000000000000000e+01
2.000000000000000000e+01 2.000000000000000000e+01
2.000000000000000000e+01 2.000000000000000000e+01
2.000000000000000000e+01 2.000000000000000000e+01
2.000000000000000000e+01 2.000000000000000000e+01
2.000000000000000000e+01 2.000000000000000000e+01
2.000000000000000000e+01 2.000000000000000000e+01
2.000000000000000000e+01 2.000000000000000000e+01
2.000000000000000000e+01 2.000000000000000000e+01
2.000000000000000000e+01 2.000000000000000000e+01
1.999997711181640625e+01 2.000000000000000000e+01
-1.999921607971191406e+01 2.000000000000000000e+01
-1.904273223876953125e+01 2.000000000000000000e+01
-1.015125083923339844e+01 2.000000000000000000e+01
-1.763128852844238281e+01 2.000000000000000000e+01
-1.826758956909179688e+01 1.999181938171386719e+01
-1.405737400054931641e+01 -2.000000000000000000e+01
-2.000000000000000000e+01 -2.000000000000000000e+01
-2.000000000000000000e+01 -2.000000000000000000e+01
-2.000000000000000000e+01 -2.000000000000000000e+01
-2.000000000000000000e+01 -2.000000000000000000e+01
-2.000000000000000000e+01 -2.000000000000000000e+01
-2.000000000000000000e+01 -2.000000000000000000e+01
-2.000000000000000000e+01 -2.000000000000000000e+01
-2.000000000000000000e+01 -2.000000000000000000e+01
-1.950511741638183594e+01 -2.000000000000000000e+01
-1.544120979309082031e+01 -2.000000000000000000e+01
-1.609511184692382812e+01 -2.000000000000000000e+01
-1.586909198760986328e+01 -2.000000000000000000e+01
-1.357478141784667969e+01 -2.000000000000000000e+01
-1.150203132629394531e+01 -2.000000000000000000e+01
-8.274075508117675781e+00 -2.000000000000000000e+01
-5.046667575836181641e+00 -1.999912452697753906e+01
-9.883713722229003906e-01 -1.999184036254882812e+01
1.989654731750488281e+01 -1.999940299987792969e+01
2.000000000000000000e+01 2.000000000000000000e+01
2.000000000000000000e+01 2.000000000000000000e+01
2.000000000000000000e+01 2.000000000000000000e+01
2.000000000000000000e+01 -1.999994468688964844e+01
2.000000000000000000e+01 2.000000000000000000e+01
2.000000000000000000e+01 2.000000000000000000e+01
2.000000000000000000e+01 2.000000000000000000e+01
2.000000000000000000e+01 2.000000000000000000e+01
2.000000000000000000e+01 2.000000000000000000e+01
2.000000000000000000e+01 2.000000000000000000e+01
2.000000000000000000e+01 2.000000000000000000e+01
2.000000000000000000e+01 2.000000000000000000e+01
2.000000000000000000e+01 2.000000000000000000e+01
2.000000000000000000e+01 2.000000000000000000e+01
2.000000000000000000e+01 2.000000000000000000e+01
2.000000000000000000e+01 2.000000000000000000e+01
2.000000000000000000e+01 2.000000000000000000e+01
2.000000000000000000e+01 2.000000000000000000e+01
2.000000000000000000e+01 2.000000000000000000e+01
-1.954034423828125000e+01 2.000000000000000000e+01
1.981169891357421875e+01 2.000000000000000000e+01
-1.988086891174316406e+01 2.000000000000000000e+01
-1.065450906753540039e+00 -2.000000000000000000e+01
-2.000000000000000000e+01 2.000000000000000000e+01
-1.766461181640625000e+01 -2.000000000000000000e+01
-2.000000000000000000e+01 -2.000000000000000000e+01
-2.000000000000000000e+01 -2.000000000000000000e+01
-2.000000000000000000e+01 -2.000000000000000000e+01
-2.000000000000000000e+01 -2.000000000000000000e+01
-2.000000000000000000e+01 -2.000000000000000000e+01
-2.000000000000000000e+01 -2.000000000000000000e+01
-2.000000000000000000e+01 -2.000000000000000000e+01
-1.999286079406738281e+01 -2.000000000000000000e+01
-1.371477890014648438e+01 -2.000000000000000000e+01
1.765046501159667969e+01 -2.000000000000000000e+01
2.000000000000000000e+01 -1.772824096679687500e+01
2.000000000000000000e+01 2.000000000000000000e+01
2.000000000000000000e+01 2.000000000000000000e+01
2.000000000000000000e+01 2.000000000000000000e+01
2.000000000000000000e+01 2.000000000000000000e+01
2.000000000000000000e+01 2.000000000000000000e+01
2.000000000000000000e+01 2.000000000000000000e+01
2.000000000000000000e+01 2.000000000000000000e+01
2.000000000000000000e+01 2.000000000000000000e+01
2.000000000000000000e+01 2.000000000000000000e+01
-1.275486707687377930e+00 2.000000000000000000e+01
5.176183700561523438e+00 2.000000000000000000e+01
-2.000000000000000000e+01 2.000000000000000000e+01
-1.166121292114257812e+01 -2.000000000000000000e+01
-2.000000000000000000e+01 -2.000000000000000000e+01
-2.000000000000000000e+01 -2.000000000000000000e+01
-2.000000000000000000e+01 -2.000000000000000000e+01
-2.000000000000000000e+01 -2.000000000000000000e+01
-2.000000000000000000e+01 -2.000000000000000000e+01
-2.000000000000000000e+01 -2.000000000000000000e+01
-2.000000000000000000e+01 -2.000000000000000000e+01
-1.992792510986328125e+01 -2.000000000000000000e+01
1.781851005554199219e+01 -2.000000000000000000e+01
-1.633187866210937500e+01 -1.995575523376464844e+01
1.999973106384277344e+01 -1.998138618469238281e+01
2.000000000000000000e+01 2.000000000000000000e+01
2.000000000000000000e+01 2.000000000000000000e+01
2.000000000000000000e+01 2.000000000000000000e+01
2.000000000000000000e+01 2.000000000000000000e+01
2.000000000000000000e+01 2.000000000000000000e+01
2.000000000000000000e+01 2.000000000000000000e+01
2.000000000000000000e+01 2.000000000000000000e+01
2.000000000000000000e+01 2.000000000000000000e+01
1.999933052062988281e+01 2.000000000000000000e+01
-1.999925994873046875e+01 2.000000000000000000e+01
1.987326049804687500e+01 -2.000000000000000000e+01
-1.999195671081542969e+01 2.000000000000000000e+01
-2.000000000000000000e+01 -1.999988937377929688e+01
-2.000000000000000000e+01 1.999999809265136719e+01
-1.658712196350097656e+01 -2.000000000000000000e+01
-2.000000000000000000e+01 -2.000000000000000000e+01
-2.000000000000000000e+01 -2.000000000000000000e+01
-2.000000000000000000e+01 -2.000000000000000000e+01
-2.000000000000000000e+01 -2.000000000000000000e+01
-2.000000000000000000e+01 -2.000000000000000000e+01
-1.996630477905273438e+01 -2.000000000000000000e+01
1.995889282226562500e+01 -2.000000000000000000e+01
-1.994902992248535156e+01 -1.998966407775878906e+01
1.987537765502929688e+01 -1.999999809265136719e+01
2.000000000000000000e+01 2.000000000000000000e+01
2.000000000000000000e+01 2.000000000000000000e+01
2.000000000000000000e+01 2.000000000000000000e+01
2.000000000000000000e+01 2.000000000000000000e+01
2.000000000000000000e+01 2.000000000000000000e+01
2.000000000000000000e+01 2.000000000000000000e+01
2.000000000000000000e+01 2.000000000000000000e+01
2.000000000000000000e+01 2.000000000000000000e+01
-5.860311537981033325e-02 2.000000000000000000e+01
-1.999752616882324219e+01 2.000000000000000000e+01
-4.174056529998779297e+00 -2.000000000000000000e+01
-2.000000000000000000e+01 1.999271011352539062e+01
-1.457502174377441406e+01 -2.000000000000000000e+01
-1.999988174438476562e+01 -2.000000000000000000e+01
-2.000000000000000000e+01 -2.000000000000000000e+01
-2.000000000000000000e+01 -2.000000000000000000e+01
-2.000000000000000000e+01 -2.000000000000000000e+01
-1.999963569641113281e+01 -2.000000000000000000e+01
2.597994804382324219e+00 -2.000000000000000000e+01
-1.991731262207031250e+01 -2.000000000000000000e+01
1.999988174438476562e+01 -2.000000000000000000e+01
2.000000000000000000e+01 2.000000000000000000e+01
2.000000000000000000e+01 2.000000000000000000e+01
2.000000000000000000e+01 1.914314651489257812e+01
2.000000000000000000e+01 -1.990855407714843750e+01
2.000000000000000000e+01 2.000000000000000000e+01
2.000000000000000000e+01 2.000000000000000000e+01
2.000000000000000000e+01 2.000000000000000000e+01
2.000000000000000000e+01 2.000000000000000000e+01
2.000000000000000000e+01 2.000000000000000000e+01
-1.658451080322265625e+01 2.000000000000000000e+01
8.268734931945800781e+00 2.000000000000000000e+01
-1.999999809265136719e+01 1.999999237060546875e+01
-1.603680801391601562e+01 -2.000000000000000000e+01
-2.000000000000000000e+01 -2.000000000000000000e+01
-2.000000000000000000e+01 -2.000000000000000000e+01
-2.000000000000000000e+01 -2.000000000000000000e+01
-2.000000000000000000e+01 -2.000000000000000000e+01
-1.999998855590820312e+01 -2.000000000000000000e+01
-1.869316864013671875e+01 -2.000000000000000000e+01
1.997905158996582031e+01 -2.000000000000000000e+01
1.998433113098144531e+01 2.000000000000000000e+01
2.000000000000000000e+01 1.999998283386230469e+01
2.000000000000000000e+01 1.999876022338867188e+01
2.000000000000000000e+01 -1.834273529052734375e+01
2.000000000000000000e+01 2.000000000000000000e+01
2.000000000000000000e+01 2.000000000000000000e+01
2.000000000000000000e+01 2.000000000000000000e+01
1.999908447265625000e+01 2.000000000000000000e+01
-1.999998855590820312e+01 2.000000000000000000e+01
-1.997832298278808594e+01 1.997846412658691406e+01
-1.648396873474121094e+01 -2.000000000000000000e+01
-6.955295801162719727e-01 -2.000000000000000000e+01
-2.000000000000000000e+01 1.998746490478515625e+01
-1.594046974182128906e+01 -2.000000000000000000e+01
-1.999965286254882812e+01 -2.000000000000000000e+01
-1.999999427795410156e+01 -2.000000000000000000e+01
-1.999459075927734375e+01 -2.000000000000000000e+01
-1.885229349136352539e+00 -2.000000000000000000e+01
-1.907692337036132812e+01 -2.000000000000000000e+01
1.999984169006347656e+01 -2.000000000000000000e+01
2.000000000000000000e+01 2.000000000000000000e+01
2.000000000000000000e+01 1.999999237060546875e+01
2.000000000000000000e+01 1.991960525512695312e+01
2.000000000000000000e+01 1.929460334777832031e+01
2.000000000000000000e+01 1.994294738769531250e+01
1.999995040893554688e+01 1.999999237060546875e+01
1.381816983222961426e+00 2.000000000000000000e+01
-2.000000000000000000e+01 -1.989809417724609375e+01
-1.999992561340332031e+01 1.833024215698242188e+01
1.614239120483398438e+01 -2.000000000000000000e+01
-2.000000000000000000e+01 9.863808631896972656e+00
-1.999999427795410156e+01 -2.000000000000000000e+01
-1.997324562072753906e+01 -2.000000000000000000e+01
-1.970423316955566406e+01 -2.000000000000000000e+01
1.789550590515136719e+01 -2.000000000000000000e+01
-2.000000000000000000e+01 -1.977979469299316406e+01
-1.897495269775390625e+01 -1.999999809265136719e+01
1.999989891052246094e+01 -2.000000000000000000e+01
2.000000000000000000e+01 2.000000000000000000e+01
2.000000000000000000e+01 2.000000000000000000e+01
2.000000000000000000e+01 2.000000000000000000e+01
2.000000000000000000e+01 2.000000000000000000e+01
2.000000000000000000e+01 2.000000000000000000e+01
2.000000000000000000e+01 2.000000000000000000e+01
1.194995784759521484e+01 2.000000000000000000e+01
-1.999999046325683594e+01 2.000000000000000000e+01
-1.106828880310058594e+01 -2.000000000000000000e+01
-1.999981498718261719e+01 1.919633483886718750e+01
-1.568181228637695312e+01 -2.000000000000000000e+01
1.738609504699707031e+01 -2.000000000000000000e+01
-2.000000000000000000e+01 1.945721244812011719e+01
-9.086712837219238281e+00 -2.000000000000000000e+01
-2.000000000000000000e+01 -2.000000000000000000e+01
-1.942849731445312500e+01 -2.000000000000000000e+01
1.989727401733398438e+01 -2.000000000000000000e+01
-1.999999046325683594e+01 1.927642631530761719e+01
2.000000000000000000e+01 -2.000000000000000000e+01
1.997488021850585938e+01 1.999972343444824219e+01
2.000000000000000000e+01 -1.999999427795410156e+01
2.000000000000000000e+01 2.000000000000000000e+01
2.000000000000000000e+01 2.000000000000000000e+01
2.000000000000000000e+01 2.000000000000000000e+01
1.999986457824707031e+01 2.000000000000000000e+01
-1.924648094177246094e+01 2.000000000000000000e+01
-1.999778938293457031e+01 -1.999999618530273438e+01
1.995940017700195312e+01 1.999917030334472656e+01
-2.000000000000000000e+01 -1.970405387878417969e+01
-2.000000000000000000e+01 1.955535888671875000e+01
-1.587203788757324219e+01 -2.000000000000000000e+01
1.972326469421386719e+01 -2.000000000000000000e+01
-2.000000000000000000e+01 1.571365356445312500e+01
-1.878693199157714844e+01 -2.000000000000000000e+01
1.367911148071289062e+01 -2.000000000000000000e+01
-2.000000000000000000e+01 -1.830850410461425781e+01
-1.212318611145019531e+01 -2.000000000000000000e+01
1.775870513916015625e+01 -1.999442291259765625e+01
2.000000000000000000e+01 2.000000000000000000e+01
2.000000000000000000e+01 2.000000000000000000e+01
2.000000000000000000e+01 2.000000000000000000e+01
2.000000000000000000e+01 2.000000000000000000e+01
1.999966430664062500e+01 2.000000000000000000e+01
-1.997739601135253906e+01 2.000000000000000000e+01
-1.881634521484375000e+01 -2.000000000000000000e+01
1.998985862731933594e+01 1.997010803222656250e+01
-2.000000000000000000e+01 -1.999208450317382812e+01
-2.000000000000000000e+01 7.960211634635925293e-01
1.999998283386230469e+01 -2.000000000000000000e+01
-2.000000000000000000e+01 1.999999809265136719e+01
1.999999809265136719e+01 -2.000000000000000000e+01
-2.000000000000000000e+01 1.997065544128417969e+01
1.995091056823730469e+01 -2.000000000000000000e+01
-2.000000000000000000e+01 1.388661766052246094e+01
-1.999967765808105469e+01 -2.000000000000000000e+01
1.999262619018554688e+01 -2.000000000000000000e+01
-1.999994468688964844e+01 2.000000000000000000e+01
1.999996566772460938e+01 -2.000000000000000000e+01
-1.975108337402343750e+01 1.999996566772460938e+01
1.999999237060546875e+01 -2.000000000000000000e+01
6.368327140808105469e+00 1.998059272766113281e+01
-1.996232223510742188e+01 -1.954541015625000000e+01
-1.998987770080566406e+01 1.916877365112304688e+01
2.000000000000000000e+01 -2.000000000000000000e+01
-1.998308563232421875e+01 -1.967831993103027344e+01
1.897028350830078125e+01 9.630536079406738281e+00
1.999999618530273438e+01 1.999965286254882812e+01
1.999999809265136719e+01 1.989892578125000000e+01
1.964299392700195312e+01 2.000000000000000000e+01
-1.999941635131835938e+01 2.000000000000000000e+01
1.992451286315917969e+01 -2.000000000000000000e+01
-1.999839973449707031e+01 2.000000000000000000e+01
1.975686454772949219e+01 -2.000000000000000000e+01
-1.999999618530273438e+01 2.000000000000000000e+01
1.532577133178710938e+01 -2.000000000000000000e+01
-2.000000000000000000e+01 1.999996376037597656e+01
1.999753570556640625e+01 -2.000000000000000000e+01
-2.000000000000000000e+01 1.999884796142578125e+01
1.832205200195312500e+01 -2.000000000000000000e+01
-2.000000000000000000e+01 1.994960594177246094e+01
1.908528709411621094e+01 -2.000000000000000000e+01
-2.000000000000000000e+01 1.891102790832519531e+01
-1.530898857116699219e+01 -2.000000000000000000e+01
-7.267498016357421875e+00 -2.000000000000000000e+01
-1.977632331848144531e+01 -2.000000000000000000e+01
1.995221710205078125e+01 -2.000000000000000000e+01
1.999995422363281250e+01 2.000000000000000000e+01
2.000000000000000000e+01 2.000000000000000000e+01
1.989630126953125000e+01 2.000000000000000000e+01
-9.013740539550781250e+00 2.000000000000000000e+01
-2.000000000000000000e+01 2.000000000000000000e+01
-1.727271652221679688e+01 -2.000000000000000000e+01
2.000000000000000000e+01 -2.000000000000000000e+01
-2.000000000000000000e+01 -1.795811271667480469e+01
-2.000000000000000000e+01 1.941268157958984375e+01
1.999999237060546875e+01 -2.000000000000000000e+01
-2.000000000000000000e+01 -1.001995277404785156e+01
-7.274237155914306641e+00 -1.999999809265136719e+01
1.752210235595703125e+01 -1.868352127075195312e+01
2.000000000000000000e+01 2.000000000000000000e+01
2.000000000000000000e+01 2.000000000000000000e+01
2.000000000000000000e+01 2.000000000000000000e+01
1.985100746154785156e+01 2.000000000000000000e+01
-1.999998664855957031e+01 2.000000000000000000e+01
-1.516940593719482422e+01 1.987651062011718750e+01
-1.873667144775390625e+01 -1.610229110717773438e+01
1.999954795837402344e+01 -1.990453147888183594e+01
-2.000000000000000000e+01 1.999999809265136719e+01
2.000000000000000000e+01 -1.999926376342773438e+01
-2.000000000000000000e+01 1.994864082336425781e+01
1.999959182739257812e+01 -2.000000000000000000e+01
-2.000000000000000000e+01 1.796417999267578125e+01
8.122798919677734375e+00 -2.000000000000000000e+01
-2.000000000000000000e+01 1.292459297180175781e+01
2.000000000000000000e+01 -2.000000000000000000e+01
-2.000000000000000000e+01 -1.832634925842285156e+01
-2.000000000000000000e+01 1.944561767578125000e+01
1.999999809265136719e+01 -2.000000000000000000e+01
-2.000000000000000000e+01 -7.633070945739746094e+00
1.993671417236328125e+01 -2.000000000000000000e+01
2.000000000000000000e+01 2.000000000000000000e+01
2.000000000000000000e+01 2.000000000000000000e+01
1.999999809265136719e+01 2.000000000000000000e+01
-6.269474029541015625e+00 2.000000000000000000e+01
-2.000000000000000000e+01 2.000000000000000000e+01
-1.823631095886230469e+01 -1.999511337280273438e+01
1.999999809265136719e+01 1.330287170410156250e+01
-1.999997711181640625e+01 -2.000000000000000000e+01
-1.998580741882324219e+01 -2.000000000000000000e+01
1.999969482421875000e+01 -2.000000000000000000e+01
-2.000000000000000000e+01 1.999999809265136719e+01
2.000000000000000000e+01 -1.999999809265136719e+01
-1.999919509887695312e+01 1.989457893371582031e+01
2.000000000000000000e+01 -1.999998474121093750e+01
-1.985475730895996094e+01 -6.876782894134521484e+00
-9.996020317077636719e+00 -1.997516822814941406e+01
1.998634529113769531e+01 1.676951217651367188e+01
1.983810043334960938e+01 1.999977302551269531e+01
1.998286247253417969e+01 1.999792671203613281e+01
-1.470091629028320312e+01 2.000000000000000000e+01
1.999998474121093750e+01 -2.000000000000000000e+01
-1.884903335571289062e+01 2.000000000000000000e+01
1.999847984313964844e+01 -1.438847351074218750e+01
-1.999993705749511719e+01 2.000000000000000000e+01
1.999999237060546875e+01 -1.998967170715332031e+01
-1.999999809265136719e+01 2.000000000000000000e+01
1.999877357482910156e+01 -1.996955680847167969e+01
-2.000000000000000000e+01 2.000000000000000000e+01
1.999307250976562500e+01 -1.973594474792480469e+01
-2.000000000000000000e+01 2.000000000000000000e+01
1.998435211181640625e+01 -1.939281654357910156e+01
-2.000000000000000000e+01 1.999999809265136719e+01
1.997444343566894531e+01 -1.962607955932617188e+01
-2.000000000000000000e+01 1.999999809265136719e+01
1.994864654541015625e+01 -1.975557136535644531e+01
-2.000000000000000000e+01 1.999999809265136719e+01
1.990309906005859375e+01 -1.981931304931640625e+01
-2.000000000000000000e+01 1.999998855590820312e+01
1.984028053283691406e+01 -1.984148406982421875e+01
-2.000000000000000000e+01 1.999998283386230469e+01
1.978747558593750000e+01 -1.985509490966796875e+01
-2.000000000000000000e+01 1.999995803833007812e+01
1.975008010864257812e+01 -1.986800003051757812e+01
-2.000000000000000000e+01 1.999990653991699219e+01
1.972146224975585938e+01 -1.988283348083496094e+01
-2.000000000000000000e+01 1.999975585937500000e+01
1.970253562927246094e+01 -1.990703773498535156e+01
-2.000000000000000000e+01 1.999933815002441406e+01
1.968220138549804688e+01 -1.992992210388183594e+01
-2.000000000000000000e+01 1.999803352355957031e+01
1.966304016113281250e+01 -1.994797325134277344e+01
-2.000000000000000000e+01 1.999354553222656250e+01
1.964656066894531250e+01 -1.996182632446289062e+01
-2.000000000000000000e+01 1.997707176208496094e+01
1.962722396850585938e+01 -1.997242736816406250e+01
-2.000000000000000000e+01 1.992782211303710938e+01
1.959147644042968750e+01 -1.998056030273437500e+01
-2.000000000000000000e+01 1.981814193725585938e+01
1.951882743835449219e+01 -1.998668098449707031e+01
-2.000000000000000000e+01 1.959250640869140625e+01
1.935415458679199219e+01 -1.999121475219726562e+01
-2.000000000000000000e+01 1.931126976013183594e+01
1.917658042907714844e+01 -1.999397659301757812e+01
-2.000000000000000000e+01 1.911952209472656250e+01
1.925325012207031250e+01 -1.999513435363769531e+01
-2.000000000000000000e+01 1.884344291687011719e+01
1.914013290405273438e+01 -1.999585914611816406e+01
-2.000000000000000000e+01 1.898363876342773438e+01
1.953830146789550781e+01 -1.999463462829589844e+01
-2.000000000000000000e+01 1.865037727355957031e+01
1.931789588928222656e+01 -1.999400901794433594e+01
-2.000000000000000000e+01 1.912246322631835938e+01
1.978062057495117188e+01 -1.998622322082519531e+01
-2.000000000000000000e+01 1.906699943542480469e+01
1.980648040771484375e+01 -1.997548294067382812e+01
-2.000000000000000000e+01 1.922117042541503906e+01
1.988283920288085938e+01 -1.994412803649902344e+01
-2.000000000000000000e+01 1.935626602172851562e+01
1.993405914306640625e+01 -1.986674880981445312e+01
-2.000000000000000000e+01 1.940941047668457031e+01
1.996252250671386719e+01 -1.969858741760253906e+01
-2.000000000000000000e+01 1.936669349670410156e+01
1.997818565368652344e+01 -1.938584899902343750e+01
-2.000000000000000000e+01 1.918209648132324219e+01
1.998524475097656250e+01 -1.895560264587402344e+01
-2.000000000000000000e+01 1.868720054626464844e+01
1.998378562927246094e+01 -1.875700569152832031e+01
-2.000000000000000000e+01 1.815380287170410156e+01
1.996926498413085938e+01 -1.875701141357421875e+01
-2.000000000000000000e+01 1.840080451965332031e+01
1.997426033020019531e+01 -1.792429924011230469e+01
-2.000000000000000000e+01 1.772823715209960938e+01
1.997361373901367188e+01 -1.734647178649902344e+01
-2.000000000000000000e+01 1.624302291870117188e+01
1.984949874877929688e+01 -1.831395721435546875e+01
-2.000000000000000000e+01 1.884199523925781250e+01
1.998857688903808594e+01 -1.127503871917724609e+01
-2.000000000000000000e+01 -1.821494293212890625e+01
-2.000000000000000000e+01 1.645224189758300781e+01
1.999978065490722656e+01 1.997273635864257812e+01
1.998946762084960938e+01 -1.999985504150390625e+01
-2.000000000000000000e+01 -1.999838066101074219e+01
-2.000000000000000000e+01 9.561041831970214844e+00
1.999999809265136719e+01 -1.980595970153808594e+01
-1.987252044677734375e+01 1.999573516845703125e+01
1.999998855590820312e+01 1.988057327270507812e+01
1.979414176940917969e+01 -1.948640441894531250e+01
-1.990733337402343750e+01 1.959061431884765625e+01
1.999196815490722656e+01 1.058166980743408203e+01
-2.000000000000000000e+01 -1.279864501953125000e+01
-1.496459865570068359e+01 -1.999955368041992188e+01
-1.153390026092529297e+01 -2.000000000000000000e+01
1.988004302978515625e+01 -2.000000000000000000e+01
2.000000000000000000e+01 2.000000000000000000e+01
1.999995803833007812e+01 1.999951744079589844e+01
1.670970535278320312e+01 2.000000000000000000e+01
-1.999999618530273438e+01 2.000000000000000000e+01
1.969451332092285156e+01 1.465303802490234375e+01
-2.000000000000000000e+01 2.000000000000000000e+01
-1.812869262695312500e+01 1.207617950439453125e+01
-1.812967872619628906e+01 1.987905693054199219e+01
-8.630369186401367188e+00 1.999759292602539062e+01
-6.755497932434082031e+00 -1.999810981750488281e+01
1.599135494232177734e+01 -2.000000000000000000e+01
-2.000000000000000000e+01 -2.000000000000000000e+01
-1.997104644775390625e+01 -2.000000000000000000e+01
1.999994277954101562e+01 -2.000000000000000000e+01
-2.000000000000000000e+01 -2.000000000000000000e+01
1.924832344055175781e+01 -2.000000000000000000e+01
-1.571510314941406250e+01 -2.000000000000000000e+01
2.000000000000000000e+01 -2.000000000000000000e+01
2.000000000000000000e+01 2.000000000000000000e+01
2.000000000000000000e+01 1.999890136718750000e+01
2.000000000000000000e+01 2.000000000000000000e+01
1.999987792968750000e+01 2.000000000000000000e+01
-1.982992362976074219e+01 2.000000000000000000e+01
1.992901039123535156e+01 -1.997069549560546875e+01
-1.999996948242187500e+01 2.000000000000000000e+01
1.999552536010742188e+01 1.979525947570800781e+01
-2.000000000000000000e+01 2.000000000000000000e+01
-1.797337150573730469e+01 -1.989781188964843750e+01
1.954074287414550781e+01 1.989377975463867188e+01
-1.999985122680664062e+01 -2.000000000000000000e+01
1.942412185668945312e+01 -2.000000000000000000e+01
-2.000000000000000000e+01 -2.000000000000000000e+01
-2.000000000000000000e+01 -2.000000000000000000e+01
-1.659029579162597656e+01 -2.000000000000000000e+01
1.999990653991699219e+01 -2.000000000000000000e+01
1.999999809265136719e+01 -1.955412483215332031e+01
2.000000000000000000e+01 2.000000000000000000e+01
2.000000000000000000e+01 2.000000000000000000e+01
1.989931678771972656e+01 2.000000000000000000e+01
-1.999992179870605469e+01 2.000000000000000000e+01
1.993873214721679688e+01 2.000000000000000000e+01
-2.000000000000000000e+01 2.000000000000000000e+01
-1.836849021911621094e+01 1.999996566772460938e+01
-1.834771156311035156e+01 1.999996376037597656e+01
-9.218712806701660156e+00 1.999790763854980469e+01
-9.245575904846191406e+00 1.999792289733886719e+01
-3.894728183746337891e+00 -1.922120475769042969e+01
-6.280818462371826172e+00 -1.999996948242187500e+01
1.994246864318847656e+01 -2.000000000000000000e+01
-2.000000000000000000e+01 -2.000000000000000000e+01
-1.999849128723144531e+01 -2.000000000000000000e+01
2.000000000000000000e+01 -2.000000000000000000e+01
-1.999997901916503906e+01 -2.000000000000000000e+01
1.999997711181640625e+01 -2.000000000000000000e+01
1.999873924255371094e+01 -2.000000000000000000e+01
2.000000000000000000e+01 2.000000000000000000e+01
2.000000000000000000e+01 -1.999652099609375000e+01
2.000000000000000000e+01 2.000000000000000000e+01
1.998871612548828125e+01 2.000000000000000000e+01
1.119952297210693359e+01 2.000000000000000000e+01
-1.844721984863281250e+01 2.000000000000000000e+01
1.619771385192871094e+01 1.999999618530273438e+01
-1.930066490173339844e+01 2.000000000000000000e+01
-1.836849021911621094e+01 1.999996566772460938e+01
-1.678838539123535156e+01 1.999986839294433594e+01
-5.917413711547851562e+00 1.999560928344726562e+01
-8.882356643676757812e+00 1.999445152282714844e+01
-1.740216016769409180e+00 -1.997538375854492188e+01
-2.511202096939086914e-01 -1.998938369750976562e+01
1.998796272277832031e+01 -2.000000000000000000e+01
-2.000000000000000000e+01 -2.000000000000000000e+01
-1.999947357177734375e+01 -2.000000000000000000e+01
2.000000000000000000e+01 -2.000000000000000000e+01
-1.999984550476074219e+01 -2.000000000000000000e+01
2.000000000000000000e+01 -2.000000000000000000e+01
1.998066902160644531e+01 -2.000000000000000000e+01
2.000000000000000000e+01 -1.999758338928222656e+01
2.000000000000000000e+01 2.000000000000000000e+01
2.000000000000000000e+01 2.000000000000000000e+01
1.999997711181640625e+01 2.000000000000000000e+01
1.755806732177734375e+01 2.000000000000000000e+01
-1.998664474487304688e+01 2.000000000000000000e+01
4.159294128417968750e+00 1.978553390502929688e+01
-1.794778442382812500e+01 -1.993341636657714844e+01
1.629793930053710938e+01 1.997008514404296875e+01
-1.999854850769042969e+01 -2.000000000000000000e+01
1.439873600006103516e+01 -1.997115898132324219e+01
-2.000000000000000000e+01 -2.000000000000000000e+01
-2.000000000000000000e+01 -2.000000000000000000e+01
1.753675270080566406e+01 -2.000000000000000000e+01
1.999953842163085938e+01 1.999412155151367188e+01
1.999975967407226562e+01 -1.868786621093750000e+01
-1.980949974060058594e+01 2.000000000000000000e+01
1.997720909118652344e+01 2.000000000000000000e+01
1.993773841857910156e+01 2.000000000000000000e+01
-1.999964141845703125e+01 2.000000000000000000e+01
-1.907040023803710938e+01 1.999995803833007812e+01
-1.836849021911621094e+01 1.999996566772460938e+01
-1.158329391479492188e+01 1.999888038635253906e+01
-8.856982231140136719e+00 1.999771881103515625e+01
-6.607587814331054688e+00 1.999620819091796875e+01
-5.223708629608154297e+00 1.997119712829589844e+01
-3.909433364868164062e+00 -1.957345390319824219e+01
-1.458854103088378906e+01 1.805904769897460938e+01
6.797578334808349609e-01 1.169641113281250000e+01
-1.620641350746154785e+00 -1.999999618530273438e+01
1.999188232421875000e+01 -1.990144538879394531e+01
1.998994064331054688e+01 -2.000000000000000000e+01
-2.000000000000000000e+01 -2.000000000000000000e+01
-1.993521499633789062e+01 -2.000000000000000000e+01
1.999999809265136719e+01 -2.000000000000000000e+01
-1.999023437500000000e+01 -2.000000000000000000e+01
2.000000000000000000e+01 -2.000000000000000000e+01
1.953511047363281250e+01 -2.000000000000000000e+01
-1.999978828430175781e+01 -2.000000000000000000e+01
2.000000000000000000e+01 -2.000000000000000000e+01
2.000000000000000000e+01 -2.000000000000000000e+01
2.000000000000000000e+01 2.000000000000000000e+01
2.000000000000000000e+01 -1.999999427795410156e+01
2.000000000000000000e+01 2.000000000000000000e+01
1.999979591369628906e+01 2.000000000000000000e+01
1.970911979675292969e+01 2.000000000000000000e+01
-1.993662452697753906e+01 2.000000000000000000e+01
1.987092590332031250e+01 2.000000000000000000e+01
-1.709570503234863281e+01 2.000000000000000000e+01
-1.834356498718261719e+01 1.999986457824707031e+01
-1.836849021911621094e+01 1.999996566772460938e+01
-6.350365161895751953e+00 1.999599266052246094e+01
-8.145582199096679688e+00 1.999730682373046875e+01
-3.664164304733276367e+00 1.999305343627929688e+01
-5.848803520202636719e+00 1.824191284179687500e+01
-1.704287648200988770e+00 -1.977466201782226562e+01
-1.114209175109863281e+01 1.194681072235107422e+01
-2.080987453460693359e+00 -4.908752918243408203e+00
1.340278720855712891e+01 -3.595447301864624023e+00
1.999585342407226562e+01 -2.000000000000000000e+01
-4.187109947204589844e+00 -2.000000000000000000e+01
-1.997785377502441406e+01 -2.000000000000000000e+01
1.999979972839355469e+01 -2.000000000000000000e+01
-1.999971771240234375e+01 -2.000000000000000000e+01
1.999999809265136719e+01 -2.000000000000000000e+01
-1.998737144470214844e+01 -2.000000000000000000e+01
2.000000000000000000e+01 -2.000000000000000000e+01
1.961096572875976562e+01 -2.000000000000000000e+01
-1.999613952636718750e+01 -2.000000000000000000e+01
2.000000000000000000e+01 -2.000000000000000000e+01
2.000000000000000000e+01 -2.000000000000000000e+01
2.000000000000000000e+01 2.000000000000000000e+01
2.000000000000000000e+01 -1.999990463256835938e+01
2.000000000000000000e+01 2.000000000000000000e+01
1.999973678588867188e+01 2.000000000000000000e+01
1.942312622070312500e+01 2.000000000000000000e+01
-1.985054779052734375e+01 2.000000000000000000e+01
1.957057189941406250e+01 2.000000000000000000e+01
-1.752192687988281250e+01 2.000000000000000000e+01
-1.836849021911621094e+01 1.999996566772460938e+01
-1.836849021911621094e+01 1.999996566772460938e+01
-6.109218120574951172e+00 1.999578285217285156e+01
-7.937843799591064453e+00 1.999717521667480469e+01
-3.830003738403320312e+00 1.999328041076660156e+01
-6.178760528564453125e+00 1.999584388732910156e+01
-1.478741288185119629e+00 5.111782550811767578e+00
-3.806035995483398438e+00 -1.994593238830566406e+01
8.665108680725097656e+00 1.998105812072753906e+01
-1.134391307830810547e+01 -2.000000000000000000e+01
1.996471214294433594e+01 1.766457748413085938e+01
1.368905067443847656e+01 -2.000000000000000000e+01
1.993557357788085938e+01 -2.000000000000000000e+01
-2.000000000000000000e+01 -2.000000000000000000e+01
-1.999999618530273438e+01 -2.000000000000000000e+01
1.999887847900390625e+01 -2.000000000000000000e+01
-2.000000190734863281e+01 -2.000000000000000000e+01
1.999957656860351562e+01 -2.000000000000000000e+01
-1.999983024597167969e+01 -2.000000000000000000e+01
1.999999809265136719e+01 -2.000000000000000000e+01
1.571728897094726562e+01 -2.000000000000000000e+01
-1.999998855590820312e+01 -2.000000000000000000e+01
2.000000000000000000e+01 -2.000000000000000000e+01
2.000000000000000000e+01 -2.000000000000000000e+01
2.000000000000000000e+01 2.000000000000000000e+01
2.000000000000000000e+01 1.999938201904296875e+01
2.000000000000000000e+01 2.000000000000000000e+01
1.988815116882324219e+01 2.000000000000000000e+01
-1.994141960144042969e+01 2.000000000000000000e+01
-2.821313142776489258e+00 1.999963378906250000e+01
-1.804396438598632812e+01 -1.745378875732421875e+01
8.666172981262207031e+00 1.999987792968750000e+01
-1.784738349914550781e+01 -1.991968727111816406e+01
1.332935333251953125e+01 1.999997901916503906e+01
8.525565266609191895e-01 -1.999994659423828125e+01
-2.000000000000000000e+01 -2.000000000000000000e+01
1.948073005676269531e+01 -2.000000000000000000e+01
-2.000000000000000000e+01 -2.000000000000000000e+01
-1.998615455627441406e+01 -2.000000000000000000e+01
1.999998855590820312e+01 -2.000000000000000000e+01
1.999974632263183594e+01 -2.000000000000000000e+01
2.000000000000000000e+01 2.000000000000000000e+01
2.000000000000000000e+01 2.000000000000000000e+01
1.936202812194824219e+01 2.000000000000000000e+01
-1.987944221496582031e+01 2.000000000000000000e+01
3.722351551055908203e+00 1.999999809265136719e+01
-1.944352340698242188e+01 1.999995040893554688e+01
-1.836849021911621094e+01 1.999996566772460938e+01
-1.265806198120117188e+01 1.999919128417968750e+01
-6.601559638977050781e+00 1.999620437622070312e+01
-6.771473407745361328e+00 1.999634170532226562e+01
-4.597166538238525391e+00 1.999423789978027344e+01
-5.160891532897949219e+00 1.999486351013183594e+01
-2.872279882431030273e+00 1.995876502990722656e+01
-1.191476702690124512e+00 -1.999987792968750000e+01
-8.162300109863281250e+00 1.973174667358398438e+01
2.203184127807617188e+00 -1.998649215698242188e+01
1.774011802673339844e+01 1.607762718200683594e+01
1.664195823669433594e+01 -2.000000000000000000e+01
1.993865966796875000e+01 -2.000000000000000000e+01
-2.000000000000000000e+01 -2.000000000000000000e+01
-1.999999618530273438e+01 -2.000000000000000000e+01
-1.180610466003417969e+01 -2.000000000000000000e+01
1.999981498718261719e+01 -2.000000000000000000e+01
-1.999994277954101562e+01 -2.000000000000000000e+01
1.999995231628417969e+01 -2.000000000000000000e+01
-1.995945358276367188e+01 -2.000000000000000000e+01
1.999999618530273438e+01 -2.000000000000000000e+01
1.999958992004394531e+01 -2.000000000000000000e+01
1.999935150146484375e+01 -2.000000000000000000e+01
2.000000000000000000e+01 2.000000000000000000e+01
2.000000000000000000e+01 -2.000000000000000000e+01
2.000000000000000000e+01 2.000000000000000000e+01
1.997430038452148438e+01 2.000000000000000000e+01
-1.757457351684570312e+01 2.000000000000000000e+01
1.883312225341796875e+01 2.000000000000000000e+01
-1.730527687072753906e+01 1.999999618530273438e+01
-1.814432907104492188e+01 1.590675830841064453e+01
-1.836849021911621094e+01 1.999996566772460938e+01
-9.277037620544433594e+00 1.999793815612792969e+01
-4.292273044586181641e+00 1.999387168884277344e+01
-6.139924526214599609e+00 1.999581146240234375e+01
-3.153382778167724609e+00 1.999231719970703125e+01
-3.402133464813232422e+00 1.490364933013916016e+01
-1.168594360351562500e+00 -1.999951362609863281e+01
-8.135502815246582031e+00 1.991803359985351562e+01
1.548598289489746094e+00 -1.991388511657714844e+01
1.799169158935546875e+01 1.948588371276855469e+01
1.464350318908691406e+01 -2.000000000000000000e+01
1.998370933532714844e+01 -2.000000000000000000e+01
-2.000000000000000000e+01 -2.000000000000000000e+01
-1.999998092651367188e+01 -2.000000000000000000e+01
-1.999073982238769531e+01 -2.000000000000000000e+01
1.995647239685058594e+01 -2.000000000000000000e+01
-1.999999809265136719e+01 -2.000000000000000000e+01
1.991570854187011719e+01 -2.000000000000000000e+01
-1.999981880187988281e+01 -2.000000000000000000e+01
1.999999046325683594e+01 -2.000000000000000000e+01
1.987984848022460938e+01 -2.000000000000000000e+01
1.694430541992187500e+01 -2.000000000000000000e+01
2.000000000000000000e+01 1.985646438598632812e+01
2.000000000000000000e+01 -2.000000000000000000e+01
1.999999618530273438e+01 2.000000000000000000e+01
1.933488273620605469e+01 2.000000000000000000e+01
-1.987963294982910156e+01 2.000000000000000000e+01
-1.333987712860107422e+00 1.999990653991699219e+01
-1.696347236633300781e+01 1.144207358360290527e+00
-1.253727054595947266e+01 1.999998092651367188e+01
-1.836849021911621094e+01 1.999996566772460938e+01
-5.686395645141601562e+00 1.999539184570312500e+01
-5.158832550048828125e+00 1.999485969543457031e+01
-3.761643171310424805e+00 1.999318695068359375e+01
-4.097218990325927734e+00 1.999362754821777344e+01
-1.756758809089660645e+00 -5.702424526214599609e+00
-4.522494792938232422e+00 1.746300888061523438e+01
1.966949820518493652e+00 -1.999998283386230469e+01
1.311587715148925781e+01 1.032564353942871094e+01
1.667235755920410156e+01 -2.000000000000000000e+01
1.997276496887207031e+01 -2.000000000000000000e+01
-2.000000000000000000e+01 -2.000000000000000000e+01
-1.999997711181640625e+01 -2.000000000000000000e+01
-1.970949935913085938e+01 -2.000000000000000000e+01
1.999974632263183594e+01 -2.000000000000000000e+01
-1.999995422363281250e+01 -2.000000000000000000e+01
1.999921989440917969e+01 -2.000000000000000000e+01
-1.998412132263183594e+01 -2.000000000000000000e+01
1.999999237060546875e+01 -2.000000000000000000e+01
1.999887847900390625e+01 -2.000000000000000000e+01
1.999974441528320312e+01 -2.000000000000000000e+01
2.000000000000000000e+01 2.000000000000000000e+01
2.000000000000000000e+01 -2.000000000000000000e+01
1.999999809265136719e+01 2.000000000000000000e+01
1.971363258361816406e+01 2.000000000000000000e+01
-1.975629806518554688e+01 2.000000000000000000e+01
1.942034530639648438e+01 2.000000000000000000e+01
-1.772816085815429688e+01 1.999999809265136719e+01
-1.825536155700683594e+01 1.998439979553222656e+01
-1.836849021911621094e+01 1.999996566772460938e+01
-7.995056152343750000e+00 1.999721145629882812e+01
-5.135093212127685547e+00 1.999483489990234375e+01
-5.577799797058105469e+00 1.999528694152832031e+01
-3.631859779357910156e+00 1.999301147460937500e+01
-3.307000160217285156e+00 1.953652572631835938e+01
-7.442445158958435059e-01 -1.999995613098144531e+01
-7.414845943450927734e+00 1.996302032470703125e+01
5.969419479370117188e-01 -1.941554641723632812e+01
9.858112335205078125e+00 1.991826057434082031e+01
1.420693492889404297e+01 -2.000000000000000000e+01
1.999863624572753906e+01 -2.000000000000000000e+01
-1.999847221374511719e+01 -2.000000000000000000e+01
-1.982130241394042969e+01 -2.000000000000000000e+01
-1.647648048400878906e+01 -2.000000000000000000e+01
1.999829864501953125e+01 -2.000000000000000000e+01
-1.999995994567871094e+01 -2.000000000000000000e+01
1.986605072021484375e+01 -2.000000000000000000e+01
-1.999986267089843750e+01 -2.000000000000000000e+01
1.999996948242187500e+01 -2.000000000000000000e+01
1.949472427368164062e+01 -2.000000000000000000e+01
-1.942914009094238281e+01 -2.000000000000000000e+01
1.999999809265136719e+01 -2.000000000000000000e+01
2.000000000000000000e+01 -2.000000000000000000e+01
2.000000000000000000e+01 2.000000000000000000e+01
2.000000000000000000e+01 2.000000000000000000e+01
1.999938011169433594e+01 2.000000000000000000e+01
5.077071666717529297e+00 2.000000000000000000e+01
-1.945470619201660156e+01 2.000000000000000000e+01
-1.880571937561035156e+01 1.999915885925292969e+01
-1.836849021911621094e+01 1.999996566772460938e+01
-1.284919643402099609e+01 1.999924087524414062e+01
-3.480899572372436523e+00 1.999279785156250000e+01
-5.842355728149414062e+00 1.999554061889648438e+01
-3.414344787597656250e+00 1.999270057678222656e+01
-4.043580055236816406e+00 1.999355888366699219e+01
-9.663488864898681641e-01 -1.666283226013183594e+01
-7.229644775390625000e+00 1.999669075012207031e+01
2.268509387969970703e+00 -1.806504058837890625e+01
1.328337669372558594e+01 1.999487686157226562e+01
6.047534465789794922e+00 -2.000000000000000000e+01
1.999396133422851562e+01 -2.000000000000000000e+01
1.822740077972412109e+00 -2.000000000000000000e+01
-1.999988746643066406e+01 -2.000000000000000000e+01
-1.997176742553710938e+01 -2.000000000000000000e+01
1.994120407104492188e+01 -2.000000000000000000e+01
-1.999999809265136719e+01 -2.000000000000000000e+01
1.860023117065429688e+01 -2.000000000000000000e+01
-1.999917411804199219e+01 -2.000000000000000000e+01
1.999996948242187500e+01 -2.000000000000000000e+01
1.996191787719726562e+01 -2.000000000000000000e+01
1.977144432067871094e+01 -2.000000000000000000e+01
2.000000000000000000e+01 1.999783325195312500e+01
2.000000000000000000e+01 -2.000000000000000000e+01
2.000000000000000000e+01 2.000000000000000000e+01
1.979038619995117188e+01 2.000000000000000000e+01
-1.984273147583007812e+01 2.000000000000000000e+01
1.403758621215820312e+01 2.000000000000000000e+01
-1.834875679016113281e+01 1.999996948242187500e+01
-1.829823303222656250e+01 1.999841117858886719e+01
-1.836849021911621094e+01 1.999996566772460938e+01
-6.002209186553955078e+00 1.999568557739257812e+01
-5.590734481811523438e+00 1.999529838562011719e+01
-4.555042743682861328e+00 1.999419021606445312e+01
-3.927921772003173828e+00 1.999340820312500000e+01
-2.395593643188476562e+00 1.428287506103515625e+01
-1.238741993904113770e+00 -1.999951362609863281e+01
-7.427444458007812500e+00 1.999683380126953125e+01
-8.412210941314697266e-01 -1.957535171508789062e+01
1.789740180969238281e+01 1.996626281738281250e+01
1.027011775970458984e+01 -2.000000000000000000e+01
1.999382972717285156e+01 -2.000000000000000000e+01
-2.000000000000000000e+01 -2.000000000000000000e+01
-1.999925804138183594e+01 -2.000000000000000000e+01
-1.996654129028320312e+01 -2.000000000000000000e+01
1.997103500366210938e+01 -2.000000000000000000e+01
-2.000000000000000000e+01 -2.000000000000000000e+01
1.826397323608398438e+01 -2.000000000000000000e+01
-1.999991989135742188e+01 -2.000000000000000000e+01
1.999991798400878906e+01 -2.000000000000000000e+01
1.823142814636230469e+01 -2.000000000000000000e+01
-1.996185874938964844e+01 -2.000000000000000000e+01
2.000000000000000000e+01 -2.000000000000000000e+01
2.000000000000000000e+01 -2.000000000000000000e+01
2.000000000000000000e+01 2.000000000000000000e+01
2.000000000000000000e+01 2.000000000000000000e+01
1.999766349792480469e+01 2.000000000000000000e+01
-9.215645790100097656e+00 2.000000000000000000e+01
-1.179659748077392578e+01 2.000000000000000000e+01
-1.908071708679199219e+01 1.999470329284667969e+01
-1.836849021911621094e+01 1.999996566772460938e+01
-1.191080188751220703e+01 1.999898338317871094e+01
-3.681249618530273438e+00 1.999307632446289062e+01
-5.232529640197753906e+00 1.999493789672851562e+01
-3.498134851455688477e+00 1.999282264709472656e+01
-3.780797481536865234e+00 1.999321365356445312e+01
-7.146033048629760742e-01 -1.823509979248046875e+01
-7.245945930480957031e+00 1.999670028686523438e+01
1.432851672172546387e+00 -1.858298683166503906e+01
1.616297340393066406e+01 1.999877357482910156e+01
-4.162177562713623047e+00 -2.000000000000000000e+01
1.999514579772949219e+01 -2.000000000000000000e+01
1.925317955017089844e+01 -2.000000000000000000e+01
-2.000000000000000000e+01 -2.000000000000000000e+01
-2.000000000000000000e+01 -2.000000000000000000e+01
-1.998942565917968750e+01 -2.000000000000000000e+01
1.999686431884765625e+01 -2.000000000000000000e+01
-1.999998092651367188e+01 -2.000000000000000000e+01
1.999870491027832031e+01 -2.000000000000000000e+01
-1.646816062927246094e+01 -2.000000000000000000e+01
1.999998092651367188e+01 -2.000000000000000000e+01
1.999980735778808594e+01 -2.000000000000000000e+01
2.000000000000000000e+01 -2.000000000000000000e+01
2.000000000000000000e+01 2.000000000000000000e+01
2.000000000000000000e+01 1.999998474121093750e+01
1.999963188171386719e+01 2.000000000000000000e+01
8.171685218811035156e+00 2.000000000000000000e+01
-1.997649383544921875e+01 2.000000000000000000e+01
-1.828350448608398438e+01 1.999649238586425781e+01
-1.836849021911621094e+01 1.999996566772460938e+01
-1.532744598388671875e+01 1.999970626831054688e+01
-2.489191055297851562e+00 1.999125099182128906e+01
-6.116275310516357422e+00 1.999578857421875000e+01
-3.055210351943969727e+00 1.999216842651367188e+01
-4.178861618041992188e+00 1.999372863769531250e+01
-5.485730767250061035e-01 -1.905919837951660156e+01
-7.320159912109375000e+00 1.999675369262695312e+01
7.348612546920776367e-01 -1.928254127502441406e+01
1.462459373474121094e+01 1.999897766113281250e+01
1.335376381874084473e+00 -2.000000000000000000e+01
1.999674606323242188e+01 -2.000000000000000000e+01
6.494144439697265625e+00 -2.000000000000000000e+01
-2.000000000000000000e+01 -2.000000000000000000e+01
-1.999969673156738281e+01 -2.000000000000000000e+01
1.588421726226806641e+01 -2.000000000000000000e+01
-1.999999809265136719e+01 -2.000000000000000000e+01
1.959923744201660156e+01 -2.000000000000000000e+01
-1.999945831298828125e+01 -2.000000000000000000e+01
1.999993896484375000e+01 -2.000000000000000000e+01
1.980179595947265625e+01 -2.000000000000000000e+01
1.723719215393066406e+01 -2.000000000000000000e+01
2.000000000000000000e+01 1.976224517822265625e+01
1.999999237060546875e+01 -2.000000000000000000e+01
2.000000000000000000e+01 2.000000000000000000e+01
1.960202026367187500e+01 2.000000000000000000e+01
-1.993296813964843750e+01 2.000000000000000000e+01
7.434658050537109375e+00 2.000000000000000000e+01
-1.836849021911621094e+01 1.999996566772460938e+01
-1.836849021911621094e+01 1.999996566772460938e+01
-1.787122726440429688e+01 1.999994277954101562e+01
-4.214499473571777344e+00 1.999377632141113281e+01
-6.055388927459716797e+00 1.999573516845703125e+01
-3.747294902801513672e+00 1.999316787719726562e+01
-4.276929855346679688e+00 1.999385070800781250e+01
-1.905331850051879883e+00 1.535806655883789062e+01
-9.613109827041625977e-01 -1.999990272521972656e+01
-6.895208835601806641e+00 1.999643516540527344e+01
-5.975782871246337891e+00 -2.000000000000000000e+01
1.675410079956054688e+01 -2.726159572601318359e+00
1.899531555175781250e+01 -2.000000000000000000e+01
1.864081573486328125e+01 -2.000000000000000000e+01
-2.000000000000000000e+01 -2.000000000000000000e+01
-2.000000000000000000e+01 -2.000000000000000000e+01
-1.999999046325683594e+01 -2.000000000000000000e+01
3.256568431854248047e+00 -2.000000000000000000e+01
-1.709673690795898438e+01 -2.000000000000000000e+01
1.999995613098144531e+01 -2.000000000000000000e+01
-1.893209075927734375e+01 -2.000000000000000000e+01
1.999994087219238281e+01 -2.000000000000000000e+01
1.999763107299804688e+01 -2.000000000000000000e+01
1.995178031921386719e+01 -2.000000000000000000e+01
2.000000000000000000e+01 1.999999618530273438e+01
2.000000000000000000e+01 -2.000000000000000000e+01
2.000000000000000000e+01 2.000000000000000000e+01
1.960923194885253906e+01 2.000000000000000000e+01
-1.992766380310058594e+01 2.000000000000000000e+01
1.445247650146484375e+01 2.000000000000000000e+01
-1.836849021911621094e+01 1.999996566772460938e+01
-1.836849021911621094e+01 1.999996566772460938e+01
-1.836849021911621094e+01 1.999996566772460938e+01
-7.426047325134277344e+00 1.999682617187500000e+01
-5.021013736724853516e+00 1.999471473693847656e+01
-4.919635772705078125e+00 1.999460411071777344e+01
-3.873159646987915039e+00 1.999333953857421875e+01
-3.444957733154296875e+00 1.999223899841308594e+01
-3.781320154666900635e-01 -1.999895477294921875e+01
-6.766356468200683594e+00 1.999633598327636719e+01
-4.087635517120361328e+00 -1.999998474121093750e+01
3.536686897277832031e+00 1.478031921386718750e+01
1.031536340713500977e+00 -2.000000000000000000e+01
1.999810218811035156e+01 -2.000000000000000000e+01
1.997669029235839844e+01 -2.000000000000000000e+01
-2.000000000000000000e+01 -2.000000000000000000e+01
-2.000000000000000000e+01 -2.000000000000000000e+01
-1.999639701843261719e+01 -2.000000000000000000e+01
1.999311065673828125e+01 -2.000000000000000000e+01
-2.000000000000000000e+01 -2.000000000000000000e+01
1.999313354492187500e+01 -2.000000000000000000e+01
-1.988343429565429688e+01 -2.000000000000000000e+01
1.999993896484375000e+01 -2.000000000000000000e+01
1.999839973449707031e+01 -2.000000000000000000e+01
2.000000000000000000e+01 -2.000000000000000000e+01
2.000000000000000000e+01 2.000000000000000000e+01
2.000000000000000000e+01 -1.996225929260253906e+01
1.999995803833007812e+01 2.000000000000000000e+01
1.315489864349365234e+01 2.000000000000000000e+01
1.249880790710449219e+01 2.000000000000000000e+01
1.036413097381591797e+01 2.000000000000000000e+01
-1.940201950073242188e+01 2.000000000000000000e+01
-1.865901565551757812e+01 1.999996376037597656e+01
-1.836849021911621094e+01 1.999996566772460938e+01
-1.404542064666748047e+01 1.999950027465820312e+01
-5.013023376464843750e+00 1.999470520019531250e+01
-7.178370475769042969e+00 1.999665069580078125e+01
-4.476851463317871094e+00 1.999409675598144531e+01
-4.818176746368408203e+00 1.999448966979980469e+01
-3.353885650634765625e+00 1.999261474609375000e+01
-1.397934675216674805e+00 -1.998290634155273438e+01
-6.682601928710937500e+00 1.999626922607421875e+01
-4.124544620513916016e+00 -1.908285903930664062e+01
-1.051996040344238281e+01 1.998862838745117188e+01
-7.800221920013427734e+00 -1.991437721252441406e+01
1.997379112243652344e+01 1.901566123962402344e+01
1.976909255981445312e+01 -2.000000000000000000e+01
-1.999624061584472656e+01 -2.000000000000000000e+01
-1.964719009399414062e+01 -2.000000000000000000e+01
-1.997007560729980469e+01 -2.000000000000000000e+01
1.887700080871582031e+01 -2.000000000000000000e+01
-2.000000000000000000e+01 -2.000000000000000000e+01
7.730896472930908203e-01 -2.000000000000000000e+01
1.867032623291015625e+01 -2.000000000000000000e+01
-1.999925231933593750e+01 -2.000000000000000000e+01
1.999981498718261719e+01 -2.000000000000000000e+01
1.939752197265625000e+01 -2.000000000000000000e+01
1.610019302368164062e+01 -2.000000000000000000e+01
2.000000000000000000e+01 1.927259254455566406e+01
1.999986648559570312e+01 -2.000000000000000000e+01
2.000000190734863281e+01 2.000000000000000000e+01
1.935785865783691406e+01 2.000000000000000000e+01
-1.995795440673828125e+01 2.000000000000000000e+01
-8.409307479858398438e+00 2.000000000000000000e+01
-1.834785079956054688e+01 1.999989318847656250e+01
-1.836849021911621094e+01 1.999996566772460938e+01
-1.237381839752197266e+01 1.999911689758300781e+01
-3.506894111633300781e+00 1.999283218383789062e+01
-4.819189548492431641e+00 1.999449157714843750e+01
-3.624291896820068359e+00 1.999299812316894531e+01
-3.669302225112915039e+00 1.999305915832519531e+01
-8.397621512413024902e-01 -1.798827743530273438e+01
-6.604761123657226562e+00 1.999620628356933594e+01
-6.031760215759277344e+00 -2.000000000000000000e+01
1.297296047210693359e+01 1.932933044433593750e+01
-1.391389656066894531e+01 -2.000000000000000000e+01
1.999092292785644531e+01 -1.999994468688964844e+01
1.989025306701660156e+01 -2.000000000000000000e+01
-2.000000000000000000e+01 -2.000000000000000000e+01
-2.000000000000000000e+01 -2.000000000000000000e+01
-1.999786758422851562e+01 -2.000000000000000000e+01
1.999097061157226562e+01 -2.000000000000000000e+01
-1.999999809265136719e+01 -2.000000000000000000e+01
1.999112319946289062e+01 -2.000000000000000000e+01
-1.970764732360839844e+01 -2.000000000000000000e+01
1.999993133544921875e+01 -2.000000000000000000e+01
1.999941253662109375e+01 -2.000000000000000000e+01
2.000000000000000000e+01 -2.000000000000000000e+01
2.000000000000000000e+01 2.000000000000000000e+01
2.000000000000000000e+01 -1.928773498535156250e+01
1.999995422363281250e+01 2.000000000000000000e+01
1.106140041351318359e+01 2.000000000000000000e+01
1.969987106323242188e+01 2.000000000000000000e+01
-1.907311820983886719e+01 2.000000000000000000e+01
-1.974170303344726562e+01 1.999996566772460938e+01
-1.836849021911621094e+01 1.999996566772460938e+01
-1.642114639282226562e+01 1.999983406066894531e+01
-6.276953697204589844e+00 1.999592971801757812e+01
-6.847754001617431641e+00 1.999640274047851562e+01
-3.883611202239990234e+00 1.999335098266601562e+01
-4.690572738647460938e+00 1.999434661865234375e+01
-3.443770885467529297e+00 1.999274635314941406e+01
-2.180015087127685547e+00 1.939490890502929688e+01
-4.128059744834899902e-01 -1.999998474121093750e+01
-6.871667385101318359e+00 1.999641990661621094e+01
-8.974619865417480469e+00 -2.000000000000000000e+01
6.300913691520690918e-01 -1.800424194335937500e+01
1.998161125183105469e+01 -1.429340362548828125e+01
1.999928665161132812e+01 -2.000000000000000000e+01
-2.000000000000000000e+01 -2.000000000000000000e+01
-2.000000000000000000e+01 -2.000000000000000000e+01
-1.998628234863281250e+01 -2.000000000000000000e+01
1.999368095397949219e+01 -2.000000000000000000e+01
-2.000000190734863281e+01 -2.000000000000000000e+01
1.997588348388671875e+01 -2.000000000000000000e+01
-1.997637939453125000e+01 -2.000000000000000000e+01
1.999983787536621094e+01 -2.000000000000000000e+01
1.998931503295898438e+01 -2.000000000000000000e+01
1.999996948242187500e+01 -2.000000000000000000e+01
2.000000000000000000e+01 2.000000000000000000e+01
2.000000000000000000e+01 -2.000000000000000000e+01
1.999999809265136719e+01 2.000000000000000000e+01
1.834986686706542969e+01 2.000000000000000000e+01
-1.992239952087402344e+01 2.000000000000000000e+01
1.500397586822509766e+01 2.000000000000000000e+01
-1.885125732421875000e+01 1.999996376037597656e+01
-1.896122360229492188e+01 1.999995994567871094e+01
-1.836849021911621094e+01 1.999996566772460938e+01
-8.232100486755371094e+00 1.999735641479492188e+01
-5.024971485137939453e+00 1.999471855163574219e+01
-4.663662433624267578e+00 1.999431610107421875e+01
-4.274952888488769531e+00 1.999385261535644531e+01
-3.488861560821533203e+00 1.999281120300292969e+01
-1.321404933929443359e+00 -1.580826950073242188e+01
-5.719778537750244141e+00 1.999542427062988281e+01
-8.755268096923828125e+00 -2.000000000000000000e+01
-1.210268402099609375e+01 3.926930904388427734e+00
3.406840324401855469e+00 -1.964000511169433594e+01
1.999301719665527344e+01 -1.887252807617187500e+01
1.998877716064453125e+01 -2.000000000000000000e+01
-2.000000000000000000e+01 -2.000000000000000000e+01
-2.000000000000000000e+01 -2.000000000000000000e+01
-1.999071884155273438e+01 -2.000000000000000000e+01
1.999784088134765625e+01 -2.000000000000000000e+01
-1.999999427795410156e+01 -2.000000000000000000e+01
1.999606704711914062e+01 -2.000000000000000000e+01
-1.958675765991210938e+01 -2.000000000000000000e+01
1.999987792968750000e+01 -2.000000000000000000e+01
1.999924850463867188e+01 -2.000000000000000000e+01
2.000000000000000000e+01 -2.000000000000000000e+01
2.000000000000000000e+01 2.000000000000000000e+01
2.000000000000000000e+01 -1.999992942810058594e+01
1.999998855590820312e+01 2.000000000000000000e+01
1.584643363952636719e+01 2.000000000000000000e+01
-1.839595603942871094e+01 2.000000000000000000e+01
1.055311393737792969e+01 2.000000000000000000e+01
-1.968558883666992188e+01 1.999993515014648438e+01
-1.889208984375000000e+01 1.999995994567871094e+01
-1.808980751037597656e+01 1.999995613098144531e+01
-6.328809261322021484e+00 1.999597549438476562e+01
-6.002187728881835938e+00 1.999568939208984375e+01
-3.850066661834716797e+00 1.999330711364746094e+01
-4.455444335937500000e+00 1.999407196044921875e+01
-3.293254137039184570e+00 1.999252510070800781e+01
-1.574458360671997070e+00 1.049583053588867188e+01
-2.842838287353515625e+00 -1.999841499328613281e+01
-9.125195503234863281e+00 1.999786186218261719e+01
-9.975334167480468750e+00 -2.000000000000000000e+01
1.064890766143798828e+01 1.505068683624267578e+01
1.506527709960937500e+01 -2.000000000000000000e+01
1.996560859680175781e+01 -2.000000000000000000e+01
-2.000000000000000000e+01 -2.000000000000000000e+01
-1.999999809265136719e+01 -2.000000000000000000e+01
-1.999968719482421875e+01 -2.000000000000000000e+01
1.850355148315429688e+01 -2.000000000000000000e+01
-2.000000000000000000e+01 -2.000000000000000000e+01
1.632686424255371094e+01 -2.000000000000000000e+01
-1.999936866760253906e+01 -2.000000000000000000e+01
1.999953079223632812e+01 -2.000000000000000000e+01
1.757298851013183594e+01 -2.000000000000000000e+01
-1.993313026428222656e+01 -2.000000000000000000e+01
1.999999809265136719e+01 -2.000000000000000000e+01
2.000000000000000000e+01 -2.000000000000000000e+01
2.000000000000000000e+01 2.000000000000000000e+01
2.000000000000000000e+01 1.999999427795410156e+01
1.999471473693847656e+01 2.000000000000000000e+01
-1.662779045104980469e+01 2.000000000000000000e+01
-9.640781402587890625e+00 1.999999809265136719e+01
-1.973883819580078125e+01 1.999992942810058594e+01
-1.836849021911621094e+01 1.999996566772460938e+01
-1.220364475250244141e+01 1.999906921386718750e+01
-3.966354131698608398e+00 1.999345779418945312e+01
-4.417442321777343750e+00 1.999402427673339844e+01
-3.325453996658325195e+00 1.999257278442382812e+01
-3.521667718887329102e+00 1.999285507202148438e+01
-2.087206602096557617e+00 1.996939468383789062e+01
-4.916952133178710938e+00 -2.000000000000000000e+01
-8.564070701599121094e+00 1.999723625183105469e+01
-1.027456092834472656e+01 -2.000000000000000000e+01
-9.628838539123535156e+00 -1.998786544799804688e+01
1.997659111022949219e+01 1.999543762207031250e+01
1.686195182800292969e+01 -2.000000000000000000e+01
-1.999629783630371094e+01 -2.000000000000000000e+01
-1.991874504089355469e+01 -2.000000000000000000e+01
-1.997275924682617188e+01 -2.000000000000000000e+01
1.988614273071289062e+01 -2.000000000000000000e+01
-2.000000000000000000e+01 -2.000000000000000000e+01
1.641106033325195312e+01 -2.000000000000000000e+01
-1.999984169006347656e+01 -2.000000000000000000e+01
1.999952697753906250e+01 -2.000000000000000000e+01
9.787958145141601562e+00 -2.000000000000000000e+01
1.864953613281250000e+01 -2.000000000000000000e+01
1.999997329711914062e+01 -2.000000000000000000e+01
2.000000000000000000e+01 2.000000000000000000e+01
1.999999427795410156e+01 -2.000000000000000000e+01
1.999999427795410156e+01 2.000000000000000000e+01
1.664892578125000000e+01 2.000000000000000000e+01
-1.976860237121582031e+01 2.000000000000000000e+01
1.052643013000488281e+01 2.000000000000000000e+01
-1.950674629211425781e+01 1.999994468688964844e+01
-1.885219192504882812e+01 1.999995994567871094e+01
-1.836849021911621094e+01 1.999996566772460938e+01
-6.987451553344726562e+00 1.999650764465332031e+01
-5.312036991119384766e+00 1.999501991271972656e+01
-4.112152576446533203e+00 1.999364662170410156e+01
-4.393191814422607422e+00 1.999399566650390625e+01
-3.249363422393798828e+00 1.999246215820312500e+01
-1.357538700103759766e+00 -1.567525386810302734e+01
-6.830342292785644531e+00 1.999638748168945312e+01
-1.007752227783203125e+01 -2.000000000000000000e+01
-1.198112010955810547e+01 -1.106330871582031250e+01
1.454890155792236328e+01 1.955371284484863281e+01
-3.257510364055633545e-01 -2.000000000000000000e+01
1.999861526489257812e+01 -2.000000000000000000e+01
-1.999999809265136719e+01 -2.000000000000000000e+01
-1.999992179870605469e+01 -2.000000000000000000e+01
-1.995819282531738281e+01 -2.000000000000000000e+01
1.999407577514648438e+01 -2.000000000000000000e+01
-1.999999809265136719e+01 -2.000000000000000000e+01
1.976522254943847656e+01 -2.000000000000000000e+01
-1.999962425231933594e+01 -2.000000000000000000e+01
1.999957084655761719e+01 -2.000000000000000000e+01
1.717050361633300781e+01 -2.000000000000000000e+01
-1.985765647888183594e+01 -2.000000000000000000e+01
2.000000190734863281e+01 -2.000000000000000000e+01
2.000000000000000000e+01 -2.000000000000000000e+01
1.999999809265136719e+01 2.000000000000000000e+01
2.000000000000000000e+01 1.996415710449218750e+01
1.999592590332031250e+01 2.000000000000000000e+01
-1.159552478790283203e+01 2.000000000000000000e+01
-1.879796791076660156e+01 2.000000000000000000e+01
-1.978676223754882812e+01 1.999992179870605469e+01
-1.836849021911621094e+01 1.999996566772460938e+01
-1.049757862091064453e+01 1.999848937988281250e+01
-4.408813953399658203e+00 1.999401283264160156e+01
-3.923864126205444336e+00 1.999340248107910156e+01
-3.004719018936157227e+00 1.999209022521972656e+01
-3.462000846862792969e+00 1.999277305603027344e+01
-2.550015449523925781e+00 1.981373596191406250e+01
-9.318720817565917969e+00 -2.000000000000000000e+01
-1.001724243164062500e+01 1.991324615478515625e+01
-1.011013507843017578e+01 -2.000000000000000000e+01
-1.090867424011230469e+01 -1.999986839294433594e+01
1.998189163208007812e+01 1.996479415893554688e+01
1.393020439147949219e+01 -2.000000000000000000e+01
-1.997012329101562500e+01 -2.000000000000000000e+01
-1.984933280944824219e+01 -2.000000000000000000e+01
-1.995847320556640625e+01 -1.999999618530273438e+01
1.994366645812988281e+01 -1.999998092651367188e+01
-2.000000000000000000e+01 -2.000000000000000000e+01
1.783939552307128906e+01 -2.000000000000000000e+01
-1.999989891052246094e+01 -2.000000000000000000e+01
1.999912261962890625e+01 -2.000000000000000000e+01
5.915477275848388672e+00 -2.000000000000000000e+01
1.987239265441894531e+01 -2.000000000000000000e+01
1.999980163574218750e+01 -2.000000000000000000e+01
1.999999809265136719e+01 2.000000000000000000e+01
1.999987411499023438e+01 -2.000000000000000000e+01
2.000000000000000000e+01 2.000000000000000000e+01
1.921391296386718750e+01 2.000000000000000000e+01
-1.996387863159179688e+01 2.000000000000000000e+01
1.131916522979736328e+01 2.000000000000000000e+01
-1.961128616333007812e+01 1.999993896484375000e+01
-1.942410469055175781e+01 1.999994659423828125e+01
-1.836849021911621094e+01 1.999996566772460938e+01
-8.402565002441406250e+00 1.999745941162109375e+01
-4.997223854064941406e+00 1.999468803405761719e+01
-4.178074836730957031e+00 1.999373054504394531e+01
-4.255895137786865234e+00 1.999382400512695312e+01
-3.430619478225708008e+00 1.999272537231445312e+01
-2.107305765151977539e+00 -6.049463748931884766e+00
-6.617908477783203125e+00 1.940524864196777344e+01
-1.187079620361328125e+01 -2.000000000000000000e+01
-1.062157058715820312e+01 -1.998832893371582031e+01
1.813452720642089844e+01 1.999282455444335938e+01
-4.306603968143463135e-01 -2.000000000000000000e+01
1.999919891357421875e+01 -2.000000000000000000e+01
-2.000000000000000000e+01 -2.000000000000000000e+01
-2.000000000000000000e+01 -2.000000000000000000e+01
-1.999892044067382812e+01 -2.000000000000000000e+01
1.986511611938476562e+01 -2.000000000000000000e+01
-2.000000000000000000e+01 -2.000000000000000000e+01
1.876499366760253906e+01 -2.000000000000000000e+01
-1.999945640563964844e+01 -2.000000000000000000e+01
1.999962043762207031e+01 -2.000000000000000000e+01
1.461523818969726562e+01 -2.000000000000000000e+01
-1.990327072143554688e+01 -2.000000000000000000e+01
1.999999809265136719e+01 -2.000000000000000000e+01
2.000000000000000000e+01 -2.000000000000000000e+01
1.999999237060546875e+01 2.000000000000000000e+01
2.000000000000000000e+01 1.999676704406738281e+01
1.998868179321289062e+01 2.000000000000000000e+01
-1.744257736206054688e+01 2.000000000000000000e+01
-5.672488212585449219e+00 2.000000000000000000e+01
-1.989330291748046875e+01 1.999989891052246094e+01
-1.836849021911621094e+01 1.999996566772460938e+01
-1.503324985504150391e+01 1.999966430664062500e+01
-4.444795131683349609e+00 1.999405670166015625e+01
-4.869002342224121094e+00 1.999454689025878906e+01
-2.914266586303710938e+00 1.999195098876953125e+01
-3.815709352493286133e+00 1.999326133728027344e+01
-2.845263004302978516e+00 1.999184036254882812e+01
-9.433731079101562500e+00 -2.000000000000000000e+01
-1.049054908752441406e+01 1.999848556518554688e+01
-1.019440174102783203e+01 -2.000000000000000000e+01
-9.047792434692382812e+00 -1.993908882141113281e+01
1.996916961669921875e+01 1.999956321716308594e+01
1.282237911224365234e+01 -2.000000000000000000e+01
-1.999413681030273438e+01 -2.000000000000000000e+01
-1.999231719970703125e+01 -2.000000000000000000e+01
-1.996648406982421875e+01 -1.999962806701660156e+01
1.995708274841308594e+01 -1.999979972839355469e+01
-2.000000190734863281e+01 -2.000000000000000000e+01
1.827849006652832031e+01 -2.000000000000000000e+01
-1.999987792968750000e+01 -2.000000000000000000e+01
1.999936866760253906e+01 -2.000000000000000000e+01
7.472483634948730469e+00 -2.000000000000000000e+01
1.971222305297851562e+01 -2.000000000000000000e+01
1.999997329711914062e+01 -2.000000000000000000e+01
2.000000000000000000e+01 2.000000000000000000e+01
1.999988746643066406e+01 -2.000000000000000000e+01
1.999999809265136719e+01 2.000000000000000000e+01
1.778147697448730469e+01 2.000000000000000000e+01
-1.992661666870117188e+01 2.000000000000000000e+01
9.747709274291992188e+00 2.000000000000000000e+01
-1.984023475646972656e+01 1.999991416931152344e+01
-1.952937126159667969e+01 1.999994468688964844e+01
-1.836849021911621094e+01 1.999996566772460938e+01
-7.994984626770019531e+00 1.999721145629882812e+01
-5.435503959655761719e+00 1.999514579772949219e+01
-3.937004566192626953e+00 1.999341964721679688e+01
-4.203623771667480469e+00 1.999376106262207031e+01
-3.474425315856933594e+00 1.999278831481933594e+01
-3.862568140029907227e+00 6.231684207916259766e+00
-8.293913841247558594e+00 -1.999996566772460938e+01
-1.203266334533691406e+01 1.999901771545410156e+01
-9.718048095703125000e+00 -2.000000000000000000e+01
-7.219135761260986328e+00 -1.997991180419921875e+01
1.998451614379882812e+01 1.996169281005859375e+01
1.715409088134765625e+01 -2.000000000000000000e+01
-2.000000000000000000e+01 -2.000000000000000000e+01
-1.999999427795410156e+01 -2.000000000000000000e+01
-1.999991607666015625e+01 -1.999999809265136719e+01
1.010729598999023438e+01 -1.999999237060546875e+01
-1.999843215942382812e+01 -2.000000000000000000e+01
1.999507141113281250e+01 -2.000000000000000000e+01
-1.999942398071289062e+01 -2.000000000000000000e+01
1.999930763244628906e+01 -2.000000000000000000e+01
7.794893264770507812e+00 -2.000000000000000000e+01
1.902811241149902344e+01 -2.000000000000000000e+01
1.999240684509277344e+01 -2.000000000000000000e+01
1.999999618530273438e+01 2.000000000000000000e+01
1.999571418762207031e+01 -2.000000000000000000e+01
1.999999618530273438e+01 2.000000000000000000e+01
1.570880794525146484e+01 2.000000000000000000e+01
-1.965166854858398438e+01 2.000000000000000000e+01
3.103481292724609375e+00 2.000000000000000000e+01
-1.984618759155273438e+01 1.999991226196289062e+01
-1.861536026000976562e+01 1.999996376037597656e+01
-1.757873725891113281e+01 1.999992752075195312e+01
-6.485733509063720703e+00 1.999610710144042969e+01
-5.327912330627441406e+00 1.999503517150878906e+01
-3.615127801895141602e+00 1.999298667907714844e+01
-4.268517971038818359e+00 1.999384307861328125e+01
-3.114523410797119141e+00 1.999225807189941406e+01
-7.958892822265625000e+00 -1.999985885620117188e+01
-1.007628631591796875e+01 1.999831390380859375e+01
-1.047555160522460938e+01 -2.000000000000000000e+01
-1.235391616821289062e+01 -1.532064795494079590e+00
6.724402904510498047e+00 -1.952287673950195312e+01
1.999740791320800781e+01 -1.956926918029785156e+01
-1.987489891052246094e+01 -2.000000000000000000e+01
-1.999834442138671875e+01 -1.999999809265136719e+01
-8.088193893432617188e+00 -1.996439170837402344e+01
1.998033332824707031e+01 -1.999998283386230469e+01
-1.999999618530273438e+01 -2.000000000000000000e+01
1.985801696777343750e+01 -2.000000000000000000e+01
-1.999667167663574219e+01 -2.000000000000000000e+01
1.999962425231933594e+01 -2.000000000000000000e+01
1.902597236633300781e+01 -2.000000000000000000e+01
-1.479664611816406250e+01 -2.000000000000000000e+01
1.999999618530273438e+01 -2.000000000000000000e+01
2.000000000000000000e+01 -1.999997138977050781e+01
1.999999809265136719e+01 2.000000000000000000e+01
2.000000000000000000e+01 1.999999046325683594e+01
1.996785354614257812e+01 2.000000000000000000e+01
-1.892944335937500000e+01 2.000000000000000000e+01
-9.519742429256439209e-02 2.000000000000000000e+01
-1.995473098754882812e+01 1.999985694885253906e+01
-1.937794685363769531e+01 1.999995231628417969e+01
-1.668904113769531250e+01 1.999985885620117188e+01
-5.688909530639648438e+00 1.999539566040039062e+01
-4.982429504394531250e+00 1.999467277526855469e+01
-2.911645889282226562e+00 1.999194717407226562e+01
-3.739781141281127930e+00 1.999315834045410156e+01
-4.529816627502441406e+00 1.999415969848632812e+01
-1.087736225128173828e+01 -2.000000000000000000e+01
-1.125856208801269531e+01 1.999877166748046875e+01
-1.015397453308105469e+01 -2.000000000000000000e+01
-4.494460105895996094e+00 -1.009319686889648438e+01
1.950886154174804688e+01 -7.151083469390869141e+00
1.882073211669921875e+01 -2.000000000000000000e+01
-2.000000000000000000e+01 -2.000000000000000000e+01
-2.000000000000000000e+01 -2.000000000000000000e+01
-1.999996376037597656e+01 -1.999993133544921875e+01
1.328232574462890625e+01 -1.999999237060546875e+01
-1.999992370605468750e+01 -2.000000000000000000e+01
1.998672294616699219e+01 -2.000000000000000000e+01
-1.999250984191894531e+01 -2.000000000000000000e+01
1.999956512451171875e+01 -2.000000000000000000e+01
1.878272247314453125e+01 -2.000000000000000000e+01
-1.889950180053710938e+01 -2.000000000000000000e+01
1.999999618530273438e+01 -2.000000000000000000e+01
2.000000000000000000e+01 -2.000000000000000000e+01
1.999999046325683594e+01 2.000000000000000000e+01
2.000000000000000000e+01 1.999876213073730469e+01
1.997350883483886719e+01 2.000000000000000000e+01
-1.902921676635742188e+01 2.000000190734863281e+01
-6.356552839279174805e-01 1.999999809265136719e+01
-1.996418952941894531e+01 1.999984359741210938e+01
-1.942723464965820312e+01 1.999994659423828125e+01
-1.650972557067871094e+01 1.999984359741210938e+01
-5.830395698547363281e+00 1.999552726745605469e+01
-5.004263877868652344e+00 1.999469566345214844e+01
-2.854834794998168945e+00 1.999185752868652344e+01
-3.611905813217163086e+00 1.999298095703125000e+01
-5.687375545501708984e+00 1.999539566040039062e+01
-1.135691547393798828e+01 -2.000000000000000000e+01
-1.154670810699462891e+01 1.999886703491210938e+01
-1.021996688842773438e+01 -2.000000000000000000e+01
-2.927202701568603516e+00 1.377457714080810547e+01
-1.093820667266845703e+01 -2.000000000000000000e+01
1.979364585876464844e+01 -1.999985694885253906e+01
1.627285194396972656e+01 -2.000000000000000000e+01
-2.000000000000000000e+01 -2.000000000000000000e+01
-2.000000000000000000e+01 -2.000000000000000000e+01
-1.999976348876953125e+01 -1.999997138977050781e+01
1.981348800659179688e+01 -2.000000000000000000e+01
-1.999999618530273438e+01 -2.000000000000000000e+01
1.984594726562500000e+01 -2.000000000000000000e+01
-1.995566940307617188e+01 -2.000000000000000000e+01
1.999967765808105469e+01 -2.000000000000000000e+01
1.991364288330078125e+01 -2.000000000000000000e+01
1.999033737182617188e+01 -2.000000000000000000e+01
1.999999237060546875e+01 2.000000000000000000e+01
1.996883773803710938e+01 -2.000000000000000000e+01
2.000000000000000000e+01 2.000000000000000000e+01
1.855034255981445312e+01 2.000000000000000000e+01
-1.996576118469238281e+01 2.000000000000000000e+01
7.168350696563720703e+00 2.000000000000000000e+01
-1.990741539001464844e+01 1.999989318847656250e+01
-1.962167549133300781e+01 1.999993705749511719e+01
-1.836849021911621094e+01 1.999996566772460938e+01
-8.490276336669921875e+00 1.999751281738281250e+01
-5.305068492889404297e+00 1.999501228332519531e+01
-3.887878417968750000e+00 1.999335861206054688e+01
-4.090946197509765625e+00 1.999361801147460938e+01
-3.504619836807250977e+00 1.999283218383789062e+01
-1.000858211517333984e+01 -1.994923019409179688e+01
-1.095779991149902344e+01 1.999866294860839844e+01
-1.102742958068847656e+01 -2.000000000000000000e+01
-1.112076282501220703e+01 1.998011016845703125e+01
-9.960988044738769531e+00 -2.000000000000000000e+01
1.545617485046386719e+01 -1.999954032897949219e+01
1.999582481384277344e+01 -2.000000000000000000e+01
-2.000000000000000000e+01 -2.000000000000000000e+01
-2.000000000000000000e+01 -2.000000000000000000e+01
-1.999979400634765625e+01 -1.999916839599609375e+01
1.914804077148437500e+01 -1.999996566772460938e+01
-1.999999809265136719e+01 -2.000000000000000000e+01
1.909887504577636719e+01 -2.000000000000000000e+01
-1.999852371215820312e+01 -2.000000000000000000e+01
