0.000000000000000000e+00 0.000000000000000000e+00
-2.000000000000000000e+01 2.000000000000000000e+01
-2.000000000000000000e+01 2.000000000000000000e+01
-2.000000000000000000e+01 -1.999999237060546875e+01
-2.000000000000000000e+01 1.956796073913574219e+01
-1.999313354492187500e+01 -2.000000000000000000e+01
-1.991548919677734375e+01 -1.999999618530273438e+01
-1.913880920410156250e+01 -2.000000000000000000e+01
-1.834834671020507812e+01 -2.000000000000000000e+01
-1.648785781860351562e+01 -2.000000000000000000e+01
-1.584998893737792969e+01 -2.000000000000000000e+01
-1.777176475524902344e+01 -2.000000000000000000e+01
-1.941656875610351562e+01 -2.000000000000000000e+01
-1.916979217529296875e+01 -2.000000000000000000e+01
-1.999269866943359375e+01 -2.000000000000000000e+01
-1.998328590393066406e+01 -2.000000000000000000e+01
-1.999716567993164062e+01 -2.000000000000000000e+01
-1.999983978271484375e+01 -2.000000000000000000e+01
-1.999963378906250000e+01 -2.000000000000000000e+01
-1.999839591979980469e+01 -2.000000000000000000e+01
-1.999502563476562500e+01 -2.000000000000000000e+01
-1.997815513610839844e+01 -2.000000000000000000e+01
-1.993681907653808594e+01 -2.000000000000000000e+01
-1.935428428649902344e+01 -2.000000000000000000e+01
-1.505074882507324219e+01 -2.000000000000000000e+01
-1.999993133544921875e+01 -2.000000000000000000e+01
-1.949844360351562500e+00 -2.000000000000000000e+01
-2.000000000000000000e+01 -2.000000000000000000e+01
-1.999997901916503906e+01 -2.000000000000000000e+01
1.917495346069335938e+01 -2.000000000000000000e+01
2.000000000000000000e+01 -2.000000000000000000e+01
2.000000000000000000e+01 2.000000000000000000e+01
2.000000000000000000e+01 2.000000000000000000e+01
2.000000000000000000e+01 -2.000000000000000000e+01
2.000000000000000000e+01 -2.000000000000000000e+01
2.000000000000000000e+01 -1.998630523681640625e+01
2.000000000000000000e+01 -1.999998855590820312e+01
2.000000000000000000e+01 -2.000000000000000000e+01
2.000000000000000000e+01 -1.999991035461425781e+01
2.000000000000000000e+01 1.998681831359863281e+01
2.000000000000000000e+01 2.000000000000000000e+01
2.000000000000000000e+01 2.000000000000000000e+01
2.000000000000000000e+01 2.000000000000000000e+01
2.000000000000000000e+01 2.000000000000000000e+01
2.000000000000000000e+01 2.000000000000000000e+01
2.000000000000000000e+01 2.000000000000000000e+01
2.000000000000000000e+01 2.000000000000000000e+01
2.000000000000000000e+01 2.000000000000000000e+01
1.999379348754882812e+01 1.999934959411621094e+01
1.842433166503906250e+01 1.999794387817382812e+01
-6.215525150299072266e+00 1.999544525146484375e+01
1.999999618530273438e+01 1.999988555908203125e+01
1.995165634155273438e+01 1.999900627136230469e+01
-1.999986457824707031e+01 1.999977493286132812e+01
1.999960708618164062e+01 2.000000000000000000e+01
-1.996708297729492188e+01 1.999998092651367188e+01
2.000000000000000000e+01 2.000000000000000000e+01
1.998884963989257812e+01 1.999999809265136719e+01
-2.000000000000000000e+01 2.000000000000000000e+01
2.000000000000000000e+01 2.000000000000000000e+01
-2.000000000000000000e+01 1.999998855590820312e+01
2.000000000000000000e+01 2.000000000000000000e+01
2.000000000000000000e+01 2.000000000000000000e+01
-2.000000000000000000e+01 2.000000000000000000e+01
2.000000000000000000e+01 2.000000000000000000e+01
-2.000000000000000000e+01 2.000000000000000000e+01
2.000000000000000000e+01 2.000000000000000000e+01
-1.999995803833007812e+01 2.000000000000000000e+01
1.999907302856445312e+01 1.999997901916503906e+01
-2.000000000000000000e+01 2.000000000000000000e+01
-1.999999618530273438e+01 -2.000000000000000000e+01
-1.999995803833007812e+01 -1.990443801879882812e+01
-2.000000000000000000e+01 -2.000000000000000000e+01
-2.000000000000000000e+01 -2.000000000000000000e+01
-1.999999809265136719e+01 -2.000000000000000000e+01
-1.999992752075195312e+01 -2.000000000000000000e+01
-1.999110794067382812e+01 -2.000000000000000000e+01
-1.925086975097656250e+01 -2.000000000000000000e+01
-1.443073177337646484e+01 -2.000000000000000000e+01
-1.974239540100097656e+01 -2.000000000000000000e+01
-1.815027999877929688e+01 -2.000000000000000000e+01
-1.974227142333984375e+01 -2.000000000000000000e+01
-1.860975074768066406e+01 -2.000000000000000000e+01
-1.999988365173339844e+01 -2.000000000000000000e+01
-1.999193763732910156e+01 -2.000000000000000000e+01
-1.962818145751953125e+01 -2.000000000000000000e+01
-1.837193870544433594e+01 -2.000000000000000000e+01
-1.998926925659179688e+01 -2.000000000000000000e+01
-1.365660095214843750e+01 -2.000000000000000000e+01
-2.000000000000000000e+01 -2.000000000000000000e+01
-1.985229301452636719e+01 -2.000000000000000000e+01
-8.018555641174316406e+00 -2.000000000000000000e+01
-1.999985122680664062e+01 -2.000000000000000000e+01
1.991413116455078125e+01 -2.000000000000000000e+01
2.000000000000000000e+01 -1.456121063232421875e+01
2.000000000000000000e+01 2.000000000000000000e+01
2.000000000000000000e+01 2.000000000000000000e+01
2.000000000000000000e+01 -2.000000000000000000e+01
2.000000000000000000e+01 -1.977694511413574219e+01
1.999999809265136719e+01 1.999986839294433594e+01
2.000000000000000000e+01 2.000000000000000000e+01
2.000000000000000000e+01 2.000000000000000000e+01
2.000000000000000000e+01 2.000000000000000000e+01
2.000000000000000000e+01 2.000000000000000000e+01
2.000000000000000000e+01 2.000000000000000000e+01
2.000000000000000000e+01 2.000000000000000000e+01
2.000000000000000000e+01 2.000000000000000000e+01
2.000000000000000000e+01 2.000000000000000000e+01
2.000000000000000000e+01 2.000000000000000000e+01
2.000000000000000000e+01 2.000000000000000000e+01
2.000000000000000000e+01 2.000000000000000000e+01
2.000000000000000000e+01 2.000000000000000000e+01
-2.000000000000000000e+01 2.000000000000000000e+01
2.000000000000000000e+01 2.000000000000000000e+01
2.000000000000000000e+01 2.000000000000000000e+01
1.999468994140625000e+01 2.000000000000000000e+01
-2.000000000000000000e+01 2.000000000000000000e+01
2.000000000000000000e+01 2.000000000000000000e+01
1.999982833862304688e+01 2.000000000000000000e+01
-2.000000000000000000e+01 2.000000000000000000e+01
2.000000000000000000e+01 2.000000000000000000e+01
-2.000000000000000000e+01 2.000000000000000000e+01
2.000000000000000000e+01 2.000000000000000000e+01
1.996916770935058594e+01 2.000000000000000000e+01
-2.000000000000000000e+01 2.000000000000000000e+01
7.428126811981201172e+00 2.000000000000000000e+01
-2.000000000000000000e+01 2.000000000000000000e+01
-2.000000000000000000e+01 2.000000000000000000e+01
-2.000000000000000000e+01 -2.000000000000000000e+01
-2.000000000000000000e+01 -2.000000000000000000e+01
-2.000000000000000000e+01 -2.000000000000000000e+01
-2.000000000000000000e+01 -2.000000000000000000e+01
-2.000000000000000000e+01 -2.000000000000000000e+01
-2.000000000000000000e+01 -2.000000000000000000e+01
-2.000000000000000000e+01 -2.000000000000000000e+01
-2.000000000000000000e+01 -2.000000000000000000e+01
-1.999998855590820312e+01 -2.000000000000000000e+01
-1.999879455566406250e+01 -2.000000000000000000e+01
-1.979959869384765625e+01 -2.000000000000000000e+01
-1.708141136169433594e+01 -2.000000000000000000e+01
-1.866646003723144531e+01 -2.000000000000000000e+01
-1.953062057495117188e+01 -2.000000000000000000e+01
-1.997406768798828125e+01 -2.000000000000000000e+01
-1.999572944641113281e+01 -2.000000000000000000e+01
-1.998139572143554688e+01 -2.000000000000000000e+01
-1.986975860595703125e+01 -2.000000000000000000e+01
-1.832621192932128906e+01 -2.000000000000000000e+01
-1.999376487731933594e+01 -2.000000000000000000e+01
-1.484219074249267578e+01 -2.000000000000000000e+01
-1.999958610534667969e+01 -2.000000000000000000e+01
-1.089220046997070312e+01 -2.000000000000000000e+01
9.962064743041992188e+00 -2.000000000000000000e+01
1.999945259094238281e+01 -2.000000000000000000e+01
2.000000000000000000e+01 2.000000000000000000e+01
2.000000000000000000e+01 2.000000000000000000e+01
2.000000000000000000e+01 -1.722527885437011719e+01
2.000000000000000000e+01 -2.000000000000000000e+01
2.000000000000000000e+01 1.999996376037597656e+01
2.000000000000000000e+01 2.000000000000000000e+01
2.000000000000000000e+01 1.653498268127441406e+01
2.000000000000000000e+01 2.000000000000000000e+01
2.000000000000000000e+01 2.000000000000000000e+01
2.000000000000000000e+01 2.000000000000000000e+01
2.000000000000000000e+01 2.000000000000000000e+01
2.000000000000000000e+01 2.000000000000000000e+01
2.000000000000000000e+01 2.000000000000000000e+01
2.000000000000000000e+01 2.000000000000000000e+01
2.000000000000000000e+01 2.000000000000000000e+01
2.000000000000000000e+01 2.000000000000000000e+01
2.000000000000000000e+01 2.000000000000000000e+01
2.000000000000000000e+01 2.000000000000000000e+01
2.000000000000000000e+01 2.000000000000000000e+01
-1.999157714843750000e+01 2.000000000000000000e+01
2.000000000000000000e+01 2.000000000000000000e+01
2.000000000000000000e+01 2.000000000000000000e+01
2.000000000000000000e+01 2.000000000000000000e+01
-2.000000000000000000e+01 2.000000000000000000e+01
2.000000000000000000e+01 2.000000000000000000e+01
1.999996566772460938e+01 2.000000000000000000e+01
-2.000000000000000000e+01 2.000000000000000000e+01
2.000000000000000000e+01 2.000000000000000000e+01
-2.000000000000000000e+01 2.000000000000000000e+01
2.915449619293212891e+00 2.000000000000000000e+01
-2.000000000000000000e+01 2.000000000000000000e+01
-2.000000000000000000e+01 1.999868583679199219e+01
-2.000000000000000000e+01 -2.000000000000000000e+01
-2.000000000000000000e+01 -2.000000000000000000e+01
-2.000000000000000000e+01 -2.000000000000000000e+01
-2.000000000000000000e+01 -2.000000000000000000e+01
-2.000000000000000000e+01 -2.000000000000000000e+01
-2.000000000000000000e+01 -2.000000000000000000e+01
-2.000000000000000000e+01 -2.000000000000000000e+01
-2.000000000000000000e+01 -2.000000000000000000e+01
-2.000000000000000000e+01 -2.000000000000000000e+01
-2.000000000000000000e+01 -2.000000000000000000e+01
-1.999984931945800781e+01 -2.000000000000000000e+01
-1.997202491760253906e+01 -2.000000000000000000e+01
-1.899216461181640625e+01 -2.000000000000000000e+01
-1.898903656005859375e+01 -2.000000000000000000e+01
-1.982247924804687500e+01 -2.000000000000000000e+01
-1.999027252197265625e+01 -2.000000000000000000e+01
-1.998920631408691406e+01 -2.000000000000000000e+01
-1.996324729919433594e+01 -2.000000000000000000e+01
-1.839287948608398438e+01 -2.000000000000000000e+01
-1.672835159301757812e+01 -2.000000000000000000e+01
-1.477787590026855469e+01 -2.000000000000000000e+01
-1.324491024017333984e+01 -2.000000000000000000e+01
-1.125452804565429688e+01 -2.000000000000000000e+01
1.777673149108886719e+01 -2.000000000000000000e+01
2.000000000000000000e+01 -2.000000000000000000e+01
2.000000000000000000e+01 2.000000000000000000e+01
2.000000000000000000e+01 2.000000000000000000e+01
2.000000000000000000e+01 -1.999995994567871094e+01
2.000000000000000000e+01 -2.000000000000000000e+01
2.000000000000000000e+01 1.999997329711914062e+01
2.000000000000000000e+01 2.000000000000000000e+01
2.000000000000000000e+01 1.999998092651367188e+01
2.000000000000000000e+01 1.985885429382324219e+01
2.000000000000000000e+01 2.000000000000000000e+01
2.000000000000000000e+01 2.000000000000000000e+01
2.000000000000000000e+01 2.000000000000000000e+01
2.000000000000000000e+01 2.000000000000000000e+01
2.000000000000000000e+01 2.000000000000000000e+01
2.000000000000000000e+01 2.000000000000000000e+01
2.000000000000000000e+01 2.000000000000000000e+01
2.000000000000000000e+01 2.000000000000000000e+01
2.000000000000000000e+01 2.000000000000000000e+01
2.000000000000000000e+01 2.000000000000000000e+01
2.000000000000000000e+01 2.000000000000000000e+01
2.000000000000000000e+01 2.000000000000000000e+01
1.999998855590820312e+01 2.000000000000000000e+01
-2.000000000000000000e+01 2.000000000000000000e+01
2.000000000000000000e+01 2.000000000000000000e+01
2.000000000000000000e+01 2.000000000000000000e+01
-2.000000000000000000e+01 2.000000000000000000e+01
2.000000000000000000e+01 2.000000000000000000e+01
2.000000000000000000e+01 2.000000000000000000e+01
-2.000000000000000000e+01 2.000000000000000000e+01
1.999999046325683594e+01 2.000000000000000000e+01
-2.000000000000000000e+01 2.000000000000000000e+01
-2.000000000000000000e+01 2.000000000000000000e+01
-2.000000000000000000e+01 1.999999809265136719e+01
-2.000000000000000000e+01 -1.999999618530273438e+01
-2.000000000000000000e+01 -2.000000000000000000e+01
-2.000000000000000000e+01 -2.000000000000000000e+01
-2.000000000000000000e+01 -2.000000000000000000e+01
-2.000000000000000000e+01 -2.000000000000000000e+01
-2.000000000000000000e+01 -2.000000000000000000e+01
-2.000000000000000000e+01 -2.000000000000000000e+01
-2.000000000000000000e+01 -2.000000000000000000e+01
-2.000000000000000000e+01 -2.000000000000000000e+01
-2.000000000000000000e+01 -2.000000000000000000e+01
-2.000000000000000000e+01 -2.000000000000000000e+01
-2.000000000000000000e+01 -2.000000000000000000e+01
-1.999996566772460938e+01 -2.000000000000000000e+01
-1.999240684509277344e+01 -2.000000000000000000e+01
-1.931340789794921875e+01 -2.000000000000000000e+01
-1.930522155761718750e+01 -2.000000000000000000e+01
-1.925604629516601562e+01 -2.000000000000000000e+01
-1.915245819091796875e+01 -2.000000000000000000e+01
-1.796364021301269531e+01 -2.000000000000000000e+01
-1.510490608215332031e+01 -2.000000000000000000e+01
-1.363134479522705078e+01 -2.000000000000000000e+01
-9.190026283264160156e+00 -2.000000000000000000e+01
1.639805030822753906e+01 -2.000000000000000000e+01
2.000000000000000000e+01 -2.000000000000000000e+01
2.000000000000000000e+01 1.999996376037597656e+01
2.000000000000000000e+01 1.995623207092285156e+01
2.000000000000000000e+01 -2.000000000000000000e+01
2.000000000000000000e+01 1.445373439788818359e+01
2.000000000000000000e+01 -2.000000000000000000e+01
2.000000000000000000e+01 2.000000000000000000e+01
2.000000000000000000e+01 2.000000000000000000e+01
2.000000000000000000e+01 2.000000000000000000e+01
2.000000000000000000e+01 2.000000000000000000e+01
2.000000000000000000e+01 2.000000000000000000e+01
2.000000000000000000e+01 2.000000000000000000e+01
2.000000000000000000e+01 2.000000000000000000e+01
2.000000000000000000e+01 2.000000000000000000e+01
2.000000000000000000e+01 2.000000000000000000e+01
2.000000000000000000e+01 2.000000000000000000e+01
2.000000000000000000e+01 2.000000000000000000e+01
2.000000000000000000e+01 2.000000000000000000e+01
2.000000000000000000e+01 2.000000000000000000e+01
2.000000000000000000e+01 2.000000000000000000e+01
1.999978065490722656e+01 2.000000000000000000e+01
-2.000000000000000000e+01 2.000000000000000000e+01
2.000000000000000000e+01 2.000000000000000000e+01
2.000000000000000000e+01 2.000000000000000000e+01
-2.000000000000000000e+01 2.000000000000000000e+01
2.000000000000000000e+01 2.000000000000000000e+01
2.000000000000000000e+01 2.000000000000000000e+01
-2.000000000000000000e+01 2.000000000000000000e+01
-2.000000000000000000e+01 2.000000000000000000e+01
-2.000000000000000000e+01 1.999999046325683594e+01
-2.000000000000000000e+01 1.695573234558105469e+01
-2.000000000000000000e+01 -1.999999237060546875e+01
-2.000000000000000000e+01 -2.000000000000000000e+01
-2.000000000000000000e+01 -2.000000000000000000e+01
-2.000000000000000000e+01 -2.000000000000000000e+01
-2.000000000000000000e+01 -2.000000000000000000e+01
-2.000000000000000000e+01 -2.000000000000000000e+01
-2.000000000000000000e+01 -2.000000000000000000e+01
-2.000000000000000000e+01 -2.000000000000000000e+01
-2.000000000000000000e+01 -2.000000000000000000e+01
-2.000000000000000000e+01 -2.000000000000000000e+01
-2.000000000000000000e+01 -2.000000000000000000e+01
-2.000000000000000000e+01 -2.000000000000000000e+01
-2.000000000000000000e+01 -2.000000000000000000e+01
-1.999998855590820312e+01 -2.000000000000000000e+01
-1.999048614501953125e+01 -2.000000000000000000e+01
-1.942764854431152344e+01 -2.000000000000000000e+01
-1.870845985412597656e+01 -2.000000000000000000e+01
-1.708051300048828125e+01 -2.000000000000000000e+01
-1.277772045135498047e+01 -2.000000000000000000e+01
-8.447252273559570312e+00 -2.000000000000000000e+01
-6.623062610626220703e+00 -2.000000000000000000e+01
1.971720314025878906e+01 -2.000000000000000000e+01
1.999905204772949219e+01 -2.000000000000000000e+01
2.000000000000000000e+01 -1.998565673828125000e+01
1.999291801452636719e+01 -1.719589614868164062e+01
-1.851281356811523438e+01 1.999882888793945312e+01
2.000000000000000000e+01 2.000000000000000000e+01
2.000000000000000000e+01 -2.000000000000000000e+01
2.000000000000000000e+01 2.000000000000000000e+01
2.000000000000000000e+01 2.000000000000000000e+01
2.000000000000000000e+01 1.999999618530273438e+01
2.000000000000000000e+01 2.000000000000000000e+01
2.000000000000000000e+01 2.000000000000000000e+01
2.000000000000000000e+01 2.000000000000000000e+01
2.000000000000000000e+01 2.000000000000000000e+01
2.000000000000000000e+01 2.000000000000000000e+01
2.000000000000000000e+01 2.000000000000000000e+01
2.000000000000000000e+01 2.000000000000000000e+01
2.000000000000000000e+01 2.000000000000000000e+01
2.000000000000000000e+01 2.000000000000000000e+01
2.000000000000000000e+01 2.000000000000000000e+01
2.000000000000000000e+01 2.000000000000000000e+01
2.000000000000000000e+01 2.000000000000000000e+01
-1.999519729614257812e+01 2.000000000000000000e+01
2.000000000000000000e+01 2.000000000000000000e+01
2.000000000000000000e+01 2.000000000000000000e+01
-1.996836662292480469e+01 2.000000000000000000e+01
2.000000000000000000e+01 2.000000000000000000e+01
2.000000000000000000e+01 2.000000000000000000e+01
-2.000000000000000000e+01 2.000000000000000000e+01
-2.000000000000000000e+01 1.999996376037597656e+01
-2.000000000000000000e+01 1.258839607238769531e+01
-2.000000000000000000e+01 -1.842698669433593750e+01
-2.000000000000000000e+01 -2.000000000000000000e+01
-2.000000000000000000e+01 -2.000000000000000000e+01
-2.000000000000000000e+01 -2.000000000000000000e+01
-2.000000000000000000e+01 -2.000000000000000000e+01
-2.000000000000000000e+01 -2.000000000000000000e+01
-2.000000000000000000e+01 -2.000000000000000000e+01
-2.000000000000000000e+01 -2.000000000000000000e+01
-2.000000000000000000e+01 -2.000000000000000000e+01
-2.000000000000000000e+01 -2.000000000000000000e+01
-2.000000000000000000e+01 -2.000000000000000000e+01
-2.000000000000000000e+01 -2.000000000000000000e+01
-2.000000000000000000e+01 -2.000000000000000000e+01
-2.000000000000000000e+01 -2.000000000000000000e+01
-1.999995040893554688e+01 -2.000000000000000000e+01
-1.786325263977050781e+01 -2.000000000000000000e+01
-1.459309101104736328e+01 -2.000000000000000000e+01
-6.784016609191894531e+00 -2.000000000000000000e+01
1.239074802398681641e+01 -2.000000000000000000e+01
1.250050067901611328e+01 -2.000000000000000000e+01
-2.000000000000000000e+01 -2.000000000000000000e+01
1.995553207397460938e+01 -1.999987792968750000e+01
-1.999990081787109375e+01 -2.000000000000000000e+01
1.994976806640625000e+01 2.000000000000000000e+01
1.999997138977050781e+01 -1.999977874755859375e+01
-2.000000000000000000e+01 1.999976730346679688e+01
1.999999237060546875e+01 1.943668365478515625e+01
1.995349884033203125e+01 -2.000000000000000000e+01
2.000000000000000000e+01 -1.694519996643066406e+01
1.999998855590820312e+01 2.000000000000000000e+01
2.000000000000000000e+01 2.000000000000000000e+01
2.000000000000000000e+01 2.000000000000000000e+01
2.000000000000000000e+01 2.000000000000000000e+01
2.000000000000000000e+01 2.000000000000000000e+01
2.000000000000000000e+01 2.000000000000000000e+01
2.000000000000000000e+01 2.000000000000000000e+01
2.000000000000000000e+01 2.000000000000000000e+01
2.000000000000000000e+01 2.000000000000000000e+01
2.000000000000000000e+01 2.000000000000000000e+01
2.000000000000000000e+01 2.000000000000000000e+01
2.000000000000000000e+01 2.000000000000000000e+01
2.000000000000000000e+01 2.000000000000000000e+01
-1.989900207519531250e+01 2.000000000000000000e+01
2.000000000000000000e+01 2.000000000000000000e+01
2.000000000000000000e+01 2.000000000000000000e+01
-1.987324142456054688e+01 2.000000000000000000e+01
2.000000000000000000e+01 2.000000000000000000e+01
2.000000000000000000e+01 2.000000000000000000e+01
-2.000000000000000000e+01 2.000000000000000000e+01
-2.000000000000000000e+01 2.000000000000000000e+01
-2.000000000000000000e+01 1.972692680358886719e+01
-2.000000000000000000e+01 -8.547369003295898438e+00
-2.000000000000000000e+01 1.999946975708007812e+01
-2.000000000000000000e+01 -1.999995803833007812e+01
-2.000000000000000000e+01 -2.000000000000000000e+01
-2.000000000000000000e+01 -2.000000000000000000e+01
-2.000000000000000000e+01 -2.000000000000000000e+01
-2.000000000000000000e+01 -2.000000000000000000e+01
-2.000000000000000000e+01 -2.000000000000000000e+01
-2.000000000000000000e+01 -2.000000000000000000e+01
-2.000000000000000000e+01 -2.000000000000000000e+01
-2.000000000000000000e+01 -2.000000000000000000e+01
-2.000000000000000000e+01 -2.000000000000000000e+01
-2.000000000000000000e+01 -2.000000000000000000e+01
-2.000000000000000000e+01 -2.000000000000000000e+01
-2.000000000000000000e+01 -2.000000000000000000e+01
-2.000000000000000000e+01 -2.000000000000000000e+01
-1.999760055541992188e+01 -2.000000000000000000e+01
-3.323826789855957031e+00 -2.000000000000000000e+01
1.744373703002929688e+01 -2.000000000000000000e+01
-2.000000000000000000e+01 -2.000000000000000000e+01
1.946341896057128906e+01 -2.000000000000000000e+01
-2.000000000000000000e+01 -2.000000000000000000e+01
-1.999672126770019531e+01 -1.999999237060546875e+01
-2.052630901336669922e+00 1.643489646911621094e+01
1.999974441528320312e+01 1.999376869201660156e+01
1.995028686523437500e+01 -2.000000000000000000e+01
-2.000000000000000000e+01 -2.000000000000000000e+01
-1.968557739257812500e+01 -1.999988174438476562e+01
-4.416274547576904297e+00 2.000000000000000000e+01
1.999999809265136719e+01 2.000000000000000000e+01
1.999558067321777344e+01 -2.000000000000000000e+01
-2.000000000000000000e+01 -2.000000000000000000e+01
-1.997566986083984375e+01 -1.473852634429931641e+01
8.622772216796875000e+00 2.000000000000000000e+01
1.828452110290527344e+01 1.999975013732910156e+01
-1.995353507995605469e+01 -2.000000000000000000e+01
1.954304122924804688e+01 1.999999618530273438e+01
-1.997719192504882812e+01 -2.000000000000000000e+01
1.933752632141113281e+01 1.999999618530273438e+01
-1.998381996154785156e+01 -2.000000000000000000e+01
1.916578674316406250e+01 1.999999809265136719e+01
-1.998470687866210938e+01 -2.000000000000000000e+01
1.910761260986328125e+01 2.000000000000000000e+01
-1.998372650146484375e+01 -2.000000000000000000e+01
1.911244201660156250e+01 2.000000000000000000e+01
-1.998215866088867188e+01 -2.000000000000000000e+01
1.913425254821777344e+01 2.000000000000000000e+01
-1.998032188415527344e+01 -2.000000000000000000e+01
1.916468811035156250e+01 2.000000000000000000e+01
-1.997842597961425781e+01 -2.000000000000000000e+01
1.919442749023437500e+01 2.000000000000000000e+01
-1.997649765014648438e+01 -2.000000000000000000e+01
1.922250556945800781e+01 2.000000000000000000e+01
-1.997454452514648438e+01 -2.000000000000000000e+01
1.924867820739746094e+01 2.000000000000000000e+01
-1.997257423400878906e+01 -2.000000000000000000e+01
1.927281570434570312e+01 2.000000000000000000e+01
-1.997060203552246094e+01 -2.000000000000000000e+01
1.929488945007324219e+01 2.000000000000000000e+01
-1.996863555908203125e+01 -2.000000000000000000e+01
1.931498527526855469e+01 2.000000000000000000e+01
-1.996668243408203125e+01 -2.000000000000000000e+01
1.933320808410644531e+01 2.000000000000000000e+01
-1.996515083312988281e+01 -2.000000000000000000e+01
1.935010337829589844e+01 2.000000000000000000e+01
-1.996385192871093750e+01 -2.000000000000000000e+01
1.936568641662597656e+01 2.000000000000000000e+01
-1.996259307861328125e+01 -2.000000000000000000e+01
1.938001823425292969e+01 2.000000000000000000e+01
-1.996137809753417969e+01 -2.000000000000000000e+01
1.939316558837890625e+01 2.000000000000000000e+01
-1.996019935607910156e+01 -2.000000000000000000e+01
1.940528297424316406e+01 2.000000000000000000e+01
-1.995906066894531250e+01 -2.000000000000000000e+01
1.941647338867187500e+01 2.000000000000000000e+01
-1.995795440673828125e+01 -2.000000000000000000e+01
1.942686462402343750e+01 1.999999809265136719e+01
-1.995687294006347656e+01 -2.000000000000000000e+01
1.943654441833496094e+01 2.000000000000000000e+01
-1.995582389831542969e+01 -2.000000000000000000e+01
1.944560241699218750e+01 1.999999809265136719e+01
-1.995479011535644531e+01 -2.000000000000000000e+01
1.945412445068359375e+01 1.999999809265136719e+01
-1.995377731323242188e+01 -2.000000000000000000e+01
1.946216392517089844e+01 2.000000000000000000e+01
-1.995277595520019531e+01 -2.000000000000000000e+01
1.946979713439941406e+01 2.000000190734863281e+01
-1.995178604125976562e+01 -2.000000000000000000e+01
1.947706985473632812e+01 2.000000000000000000e+01
-1.995080184936523438e+01 -2.000000000000000000e+01
1.948401069641113281e+01 1.999999618530273438e+01
-1.994982147216796875e+01 -2.000000000000000000e+01
1.949067497253417969e+01 1.999999809265136719e+01
-1.994884872436523438e+01 -2.000000000000000000e+01
1.949709129333496094e+01 2.000000000000000000e+01
-1.994711303710937500e+01 -2.000000000000000000e+01
1.950286102294921875e+01 1.999999809265136719e+01
-1.994460678100585938e+01 -2.000000000000000000e+01
1.950784301757812500e+01 1.999999809265136719e+01
-1.994206619262695312e+01 -2.000000000000000000e+01
1.951235389709472656e+01 2.000000000000000000e+01
-1.993948364257812500e+01 -2.000000000000000000e+01
1.951654052734375000e+01 1.999999809265136719e+01
-1.993684959411621094e+01 -2.000000000000000000e+01
1.952046775817871094e+01 1.999999618530273438e+01
-1.992618370056152344e+01 -2.000000000000000000e+01
1.952003669738769531e+01 1.999999618530273438e+01
-1.991047477722167969e+01 -2.000000000000000000e+01
1.951480484008789062e+01 1.999999809265136719e+01
-1.989235115051269531e+01 -2.000000000000000000e+01
1.950578880310058594e+01 1.999999809265136719e+01
-1.987160491943359375e+01 -2.000000000000000000e+01
1.949329376220703125e+01 1.999999618530273438e+01
-1.984805679321289062e+01 -2.000000000000000000e+01
1.947733497619628906e+01 1.999999618530273438e+01
-1.982151794433593750e+01 -2.000000000000000000e+01
1.945773315429687500e+01 1.999999618530273438e+01
-1.979182434082031250e+01 -2.000000000000000000e+01
1.943433189392089844e+01 1.999999618530273438e+01
-1.975879478454589844e+01 -2.000000000000000000e+01
1.940687561035156250e+01 1.999999237060546875e+01
-1.972219848632812500e+01 -2.000000000000000000e+01
1.937508964538574219e+01 1.999999427795410156e+01
-1.968176460266113281e+01 -2.000000000000000000e+01
1.933868026733398438e+01 1.999999237060546875e+01
-1.963712882995605469e+01 -2.000000000000000000e+01
1.929729843139648438e+01 1.999998855590820312e+01
-1.958783340454101562e+01 -2.000000000000000000e+01
1.925044059753417969e+01 1.999998855590820312e+01
-1.953326988220214844e+01 -2.000000000000000000e+01
1.919748497009277344e+01 1.999998664855957031e+01
-1.947264289855957031e+01 -2.000000000000000000e+01
1.913756370544433594e+01 1.999998474121093750e+01
-1.940492248535156250e+01 -2.000000000000000000e+01
1.906956291198730469e+01 1.999998092651367188e+01
-1.932877159118652344e+01 -2.000000000000000000e+01
1.899190330505371094e+01 1.999997901916503906e+01
-1.924231910705566406e+01 -2.000000000000000000e+01
1.890233993530273438e+01 1.999997329711914062e+01
-1.914296531677246094e+01 -2.000000000000000000e+01
1.879772949218750000e+01 1.999996948242187500e+01
-1.902689933776855469e+01 -2.000000000000000000e+01
1.867677307128906250e+01 1.999995994567871094e+01
-1.889123725891113281e+01 -2.000000000000000000e+01
1.853155326843261719e+01 1.999995231628417969e+01
-1.872815322875976562e+01 -2.000000000000000000e+01
1.834724998474121094e+01 1.999993896484375000e+01
-1.851881599426269531e+01 -2.000000000000000000e+01
1.810020828247070312e+01 1.999991989135742188e+01
-1.822753906250000000e+01 -2.000000000000000000e+01
1.772757148742675781e+01 1.999987411499023438e+01
-1.775199699401855469e+01 -2.000000000000000000e+01
1.700658416748046875e+01 1.999973678588867188e+01
-1.672271919250488281e+01 -2.000000000000000000e+01
1.477269744873046875e+01 1.999859046936035156e+01
-1.111101531982421875e+01 -2.000000000000000000e+01
-1.774500083923339844e+01 -1.715849685668945312e+01
1.991027069091796875e+01 2.000000000000000000e+01
-1.978270721435546875e+01 -1.999994659423828125e+01
1.980476570129394531e+01 2.000000000000000000e+01
-1.989788055419921875e+01 -1.999999618530273438e+01
1.965869522094726562e+01 2.000000000000000000e+01
-1.993383598327636719e+01 -1.999999809265136719e+01
1.941348648071289062e+01 2.000000000000000000e+01
-1.993680000305175781e+01 -1.999999809265136719e+01
1.917372322082519531e+01 2.000000000000000000e+01
-1.991177368164062500e+01 -1.999999618530273438e+01
1.914812850952148438e+01 2.000000000000000000e+01
-1.986907196044921875e+01 -1.999998855590820312e+01
1.917719650268554688e+01 2.000000000000000000e+01
-1.980497550964355469e+01 -1.999998092651367188e+01
1.918306159973144531e+01 2.000000000000000000e+01
-1.970711517333984375e+01 -1.999996757507324219e+01
1.915093231201171875e+01 2.000000000000000000e+01
-1.955884552001953125e+01 -1.999995994567871094e+01
1.905800056457519531e+01 2.000000000000000000e+01
-1.935777664184570312e+01 -1.999995613098144531e+01
1.888770866394042969e+01 2.000000000000000000e+01
-1.909373092651367188e+01 -1.999994659423828125e+01
1.861622047424316406e+01 2.000000000000000000e+01
-1.874379348754882812e+01 -1.999993133544921875e+01
1.820777320861816406e+01 2.000000000000000000e+01
-1.822322463989257812e+01 -1.999987220764160156e+01
1.749429321289062500e+01 2.000000000000000000e+01
-1.739636802673339844e+01 -1.999948310852050781e+01
1.624576568603515625e+01 2.000000000000000000e+01
-1.503150558471679688e+01 -1.999027061462402344e+01
6.141453266143798828e+00 2.000000000000000000e+01
1.983221817016601562e+01 1.999999427795410156e+01
1.999900627136230469e+01 -2.000000000000000000e+01
-1.252338504791259766e+01 -2.000000000000000000e+01
-2.000000000000000000e+01 -1.999997520446777344e+01
-2.000000000000000000e+01 2.000000000000000000e+01
1.691230392456054688e+01 2.000000000000000000e+01
1.722112846374511719e+01 2.000000000000000000e+01
1.818716812133789062e+01 -1.854591369628906250e+01
-1.958295440673828125e+01 -2.000000000000000000e+01
-2.000000000000000000e+01 -1.999997329711914062e+01
-1.999979400634765625e+01 2.000000000000000000e+01
1.956061744689941406e+01 2.000000000000000000e+01
1.976365852355957031e+01 2.000000000000000000e+01
1.994795036315917969e+01 -1.978344535827636719e+01
-1.611670875549316406e+01 -2.000000000000000000e+01
-2.000000000000000000e+01 -2.000000000000000000e+01
-1.999999809265136719e+01 2.000000000000000000e+01
1.797298622131347656e+01 2.000000000000000000e+01
1.838589477539062500e+01 2.000000000000000000e+01
1.972289657592773438e+01 -1.667612457275390625e+01
4.822721958160400391e+00 -2.000000000000000000e+01
-2.000000000000000000e+01 -1.999999809265136719e+01
-2.000000000000000000e+01 1.999994659423828125e+01
-1.951716995239257812e+01 2.000000000000000000e+01
2.000000000000000000e+01 2.000000000000000000e+01
1.999983215332031250e+01 2.000000000000000000e+01
1.999998855590820312e+01 1.994458198547363281e+01
2.000000000000000000e+01 -2.000000000000000000e+01
2.000000000000000000e+01 -2.000000000000000000e+01
2.000000000000000000e+01 1.999999046325683594e+01
2.000000000000000000e+01 2.000000000000000000e+01
2.000000000000000000e+01 2.000000000000000000e+01
2.000000000000000000e+01 2.000000000000000000e+01
2.000000000000000000e+01 2.000000000000000000e+01
2.000000000000000000e+01 2.000000000000000000e+01
2.000000000000000000e+01 2.000000000000000000e+01
2.000000000000000000e+01 2.000000000000000000e+01
2.000000000000000000e+01 2.000000000000000000e+01
2.000000000000000000e+01 2.000000000000000000e+01
2.000000000000000000e+01 2.000000000000000000e+01
2.000000000000000000e+01 2.000000000000000000e+01
2.000000000000000000e+01 2.000000000000000000e+01
2.000000000000000000e+01 1.999989509582519531e+01
2.000000000000000000e+01 1.960940170288085938e+01
2.000000000000000000e+01 -1.957097816467285156e+01
2.000000000000000000e+01 2.000000000000000000e+01
2.000000000000000000e+01 1.999564170837402344e+01
-1.998721122741699219e+01 -1.999999809265136719e+01
2.000000000000000000e+01 2.000000000000000000e+01
1.999992370605468750e+01 -2.000000000000000000e+01
1.999185180664062500e+01 2.000000000000000000e+01
-1.999778938293457031e+01 -2.000000000000000000e+01
2.000000000000000000e+01 2.000000000000000000e+01
-1.992652893066406250e+01 -2.000000000000000000e+01
2.000000000000000000e+01 2.000000000000000000e+01
-6.743881851434707642e-02 -1.999937248229980469e+01
1.999999809265136719e+01 2.000000000000000000e+01
-1.917988967895507812e+01 -1.999974822998046875e+01
1.999990653991699219e+01 2.000000000000000000e+01
1.994619369506835938e+01 1.999770355224609375e+01
-1.996391868591308594e+01 -1.996788406372070312e+01
2.000000000000000000e+01 2.000000000000000000e+01
-1.972132873535156250e+01 1.998887825012207031e+01
1.999883460998535156e+01 1.999999809265136719e+01
-1.938284301757812500e+01 1.999057960510253906e+01
1.998169136047363281e+01 1.999999809265136719e+01
1.999332809448242188e+01 2.000000000000000000e+01
-1.809629821777343750e+01 2.000000000000000000e+01
-2.000000000000000000e+01 1.999500846862792969e+01
-2.000000000000000000e+01 1.988902854919433594e+01
-2.000000000000000000e+01 1.981682586669921875e+01
-2.000000000000000000e+01 -8.680962562561035156e+00
-2.000000000000000000e+01 1.998655700683593750e+01
-2.000000000000000000e+01 -1.999839019775390625e+01
-2.000000000000000000e+01 -1.993396568298339844e+01
-2.000000000000000000e+01 -2.000000000000000000e+01
-2.000000000000000000e+01 -2.000000000000000000e+01
-2.000000000000000000e+01 -2.000000000000000000e+01
-2.000000000000000000e+01 -2.000000000000000000e+01
-2.000000000000000000e+01 -2.000000000000000000e+01
-2.000000000000000000e+01 -2.000000000000000000e+01
-2.000000000000000000e+01 -2.000000000000000000e+01
-2.000000000000000000e+01 -2.000000000000000000e+01
-2.000000000000000000e+01 -2.000000000000000000e+01
-2.000000000000000000e+01 -2.000000000000000000e+01
-2.000000000000000000e+01 -2.000000000000000000e+01
-2.000000000000000000e+01 -2.000000000000000000e+01
-1.999999618530273438e+01 -2.000000000000000000e+01
-1.994362449645996094e+01 -2.000000000000000000e+01
1.610745620727539062e+01 -2.000000000000000000e+01
-1.999954414367675781e+01 -2.000000000000000000e+01
1.511043071746826172e+01 -2.000000000000000000e+01
1.737721252441406250e+01 -2.000000000000000000e+01
-2.000000000000000000e+01 -2.000000000000000000e+01
-1.996477317810058594e+01 -2.000000000000000000e+01
1.990309906005859375e+01 -2.000000000000000000e+01
-2.000000000000000000e+01 -2.000000000000000000e+01
-1.999997901916503906e+01 -2.000000000000000000e+01
4.108325004577636719e+00 1.845687294006347656e+01
1.357498359680175781e+01 -2.000000000000000000e+01
-2.000000000000000000e+01 -2.000000000000000000e+01
-1.999990463256835938e+01 -2.000000000000000000e+01
-1.028328895568847656e+01 2.000000000000000000e+01
1.999948310852050781e+01 2.000000000000000000e+01
1.730744934082031250e+01 -2.000000000000000000e+01
-1.677084350585937500e+01 -2.000000000000000000e+01
-1.999999809265136719e+01 -2.000000000000000000e+01
-1.999405860900878906e+01 1.999995803833007812e+01
1.999990844726562500e+01 2.000000000000000000e+01
1.961853218078613281e+01 -1.999990844726562500e+01
1.162632703781127930e+00 -2.000000000000000000e+01
-2.000000000000000000e+01 -2.000000000000000000e+01
-2.000000000000000000e+01 -2.000000000000000000e+01
-1.999999237060546875e+01 2.000000000000000000e+01
1.999982643127441406e+01 2.000000000000000000e+01
1.996458244323730469e+01 -8.732633590698242188e+00
2.148172616958618164e+00 -2.000000000000000000e+01
-2.000000000000000000e+01 -2.000000000000000000e+01
-2.000000000000000000e+01 -1.998717498779296875e+01
-1.999999809265136719e+01 2.000000000000000000e+01
1.995882415771484375e+01 2.000000000000000000e+01
1.996063041687011719e+01 1.999821281433105469e+01
1.999906539916992188e+01 -1.999993705749511719e+01
-1.905865287780761719e+01 -2.000000000000000000e+01
-2.000000000000000000e+01 -2.000000000000000000e+01
-2.000000000000000000e+01 1.999981307983398438e+01
1.996840476989746094e+01 2.000000000000000000e+01
1.988421821594238281e+01 1.998056793212890625e+01
1.999990653991699219e+01 -1.999995422363281250e+01
-2.769495248794555664e+00 -2.000000000000000000e+01
-2.000000000000000000e+01 -2.000000000000000000e+01
-2.000000000000000000e+01 -1.999349975585937500e+01
-2.000000000000000000e+01 2.000000000000000000e+01
-1.955800819396972656e+01 1.999999618530273438e+01
1.999999618530273438e+01 2.000000000000000000e+01
1.999981117248535156e+01 1.999999046325683594e+01
1.999949645996093750e+01 1.993538475036621094e+01
2.000000000000000000e+01 -2.000000000000000000e+01
2.000000000000000000e+01 -2.000000000000000000e+01
1.999993324279785156e+01 1.999990653991699219e+01
2.000000000000000000e+01 -1.999696350097656250e+01
1.883038520812988281e+01 1.999965476989746094e+01
2.000000000000000000e+01 1.999997520446777344e+01
2.000000000000000000e+01 1.999769210815429688e+01
2.000000000000000000e+01 -1.999998283386230469e+01
2.000000000000000000e+01 1.999998855590820312e+01
2.000000000000000000e+01 1.556004714965820312e+01
2.000000000000000000e+01 -2.000000000000000000e+01
1.999591636657714844e+01 1.999956321716308594e+01
1.999912261962890625e+01 -2.000000000000000000e+01
-1.994843673706054688e+01 1.983023262023925781e+01
-1.998139953613281250e+01 -2.000000000000000000e+01
-2.000000000000000000e+01 -1.999999618530273438e+01
-2.000000000000000000e+01 1.990865707397460938e+01
-1.999999809265136719e+01 2.000000000000000000e+01
-1.999997329711914062e+01 1.979279708862304688e+01
-1.999896812438964844e+01 1.998465347290039062e+01
-1.974417877197265625e+01 2.000000000000000000e+01
-1.349304580688476562e+01 2.000000000000000000e+01
-1.888952255249023438e+01 1.999995040893554688e+01
-4.999691843986511230e-01 2.000000000000000000e+01
-1.861639785766601562e+01 1.999811363220214844e+01
-1.968753051757812500e+01 1.999707794189453125e+01
-1.987589073181152344e+01 1.999912643432617188e+01
-1.997824668884277344e+01 -1.548057913780212402e+00
-1.852422904968261719e+01 1.999987602233886719e+01
-1.990151977539062500e+01 -1.557981109619140625e+01
-1.699445128440856934e+00 -1.897268676757812500e+01
1.932346725463867188e+01 -2.000000000000000000e+01
1.995891761779785156e+01 -2.000000000000000000e+01
8.629405975341796875e+00 -2.000000000000000000e+01
-2.000000000000000000e+01 -2.000000000000000000e+01
-7.917440414428710938e+00 -2.000000000000000000e+01
-1.999773406982421875e+01 -2.000000000000000000e+01
-1.882143020629882812e+01 -1.254616832733154297e+01
1.614604377746582031e+01 2.000000000000000000e+01
1.712671470642089844e+01 -1.994477844238281250e+01
-1.999987220764160156e+01 -2.000000000000000000e+01
-1.999999809265136719e+01 -1.999352073669433594e+01
-1.999733924865722656e+01 2.000000000000000000e+01
1.998816680908203125e+01 2.000000000000000000e+01
1.965273094177246094e+01 1.924935913085937500e+01
1.986104011535644531e+01 -2.000000000000000000e+01
1.999973678588867188e+01 -2.000000000000000000e+01
-1.999970054626464844e+01 1.980606460571289062e+01
1.965769004821777344e+01 -2.000000000000000000e+01
-1.999999237060546875e+01 -2.000000000000000000e+01
-2.000000000000000000e+01 -1.999767112731933594e+01
-2.000000000000000000e+01 1.999996948242187500e+01
-1.401433753967285156e+01 1.999999618530273438e+01
1.999998855590820312e+01 2.000000000000000000e+01
1.998029327392578125e+01 1.999917602539062500e+01
1.997567367553710938e+01 -1.958430099487304688e+01
2.000000000000000000e+01 -2.000000000000000000e+01
1.999927711486816406e+01 1.999976730346679688e+01
2.000000000000000000e+01 -1.999996376037597656e+01
1.903567504882812500e+01 1.999942970275878906e+01
2.000000000000000000e+01 1.999998092651367188e+01
2.000000000000000000e+01 1.877519989013671875e+01
2.000000000000000000e+01 -1.999999809265136719e+01
2.000000000000000000e+01 1.999999618530273438e+01
2.000000000000000000e+01 -1.797885894775390625e+01
1.988275909423828125e+01 1.999907302856445312e+01
1.999963951110839844e+01 -2.000000000000000000e+01
-1.999501419067382812e+01 1.998799133300781250e+01
-1.732253265380859375e+01 -2.000000000000000000e+01
-2.000000000000000000e+01 -2.000000000000000000e+01
-2.000000000000000000e+01 1.867991828918457031e+01
-2.000000000000000000e+01 1.997357559204101562e+01
-1.999992370605468750e+01 -1.687213516235351562e+01
-1.999995040893554688e+01 1.814943695068359375e+01
1.779977226257324219e+01 2.000000000000000000e+01
-1.999999237060546875e+01 -8.824725151062011719e+00
-1.996736335754394531e+01 1.999930763244628906e+01
1.766173934936523438e+01 2.000000000000000000e+01
1.605209159851074219e+01 1.999885940551757812e+01
1.347762489318847656e+01 1.999518585205078125e+01
1.599168682098388672e+01 1.995005416870117188e+01
1.872988319396972656e+01 -1.940686035156250000e+01
1.999991226196289062e+01 -2.000000000000000000e+01
2.000000000000000000e+01 2.000000000000000000e+01
2.000000000000000000e+01 2.000000000000000000e+01
2.000000000000000000e+01 1.999150848388671875e+01
2.000000000000000000e+01 -2.000000000000000000e+01
2.000000000000000000e+01 2.000000000000000000e+01
2.000000000000000000e+01 -1.534341430664062500e+01
-1.972132873535156250e+01 1.998887825012207031e+01
1.859861755371093750e+01 -2.000000000000000000e+01
1.681900787353515625e+01 -2.000000000000000000e+01
-2.000000000000000000e+01 -1.999998474121093750e+01
-2.000000000000000000e+01 -2.000000000000000000e+01
-2.000000000000000000e+01 -2.000000000000000000e+01
-2.000000000000000000e+01 -2.000000000000000000e+01
-2.000000000000000000e+01 -2.000000000000000000e+01
-2.000000000000000000e+01 -2.000000000000000000e+01
-2.000000000000000000e+01 -2.000000000000000000e+01
-2.000000000000000000e+01 -2.000000000000000000e+01
-2.000000000000000000e+01 -2.000000000000000000e+01
-2.000000000000000000e+01 -2.000000000000000000e+01
-2.000000000000000000e+01 -2.000000000000000000e+01
-2.000000000000000000e+01 -2.000000000000000000e+01
-2.000000000000000000e+01 -2.000000000000000000e+01
-2.000000000000000000e+01 -2.000000000000000000e+01
-2.000000000000000000e+01 -2.000000000000000000e+01
-2.000000000000000000e+01 -2.000000000000000000e+01
-2.000000000000000000e+01 -2.000000000000000000e+01
-2.000000000000000000e+01 -1.999997901916503906e+01
-2.000000000000000000e+01 -1.999998474121093750e+01
-2.000000000000000000e+01 -1.999999809265136719e+01
-2.000000000000000000e+01 -2.000000000000000000e+01
-2.000000000000000000e+01 -2.000000000000000000e+01
-2.000000000000000000e+01 -2.000000000000000000e+01
-2.000000000000000000e+01 -2.000000000000000000e+01
-2.000000000000000000e+01 -2.000000000000000000e+01
-2.000000000000000000e+01 -1.999996948242187500e+01
-2.000000000000000000e+01 -1.967811203002929688e+01
-2.000000000000000000e+01 1.998648834228515625e+01
-1.999974250793457031e+01 2.000000000000000000e+01
6.603842973709106445e-01 2.000000000000000000e+01
-1.911739730834960938e+01 2.000000000000000000e+01
1.990663909912109375e+01 2.000000000000000000e+01
1.978179931640625000e+01 1.999894714355468750e+01
1.999414062500000000e+01 1.999935913085937500e+01
1.999999427795410156e+01 1.986999130249023438e+01
2.000000000000000000e+01 -2.000000000000000000e+01
2.000000000000000000e+01 -2.000000000000000000e+01
1.999999809265136719e+01 -2.000000000000000000e+01
5.507555007934570312e+00 1.892045211791992188e+01
-1.998501014709472656e+01 -2.000000000000000000e+01
-2.000000000000000000e+01 -1.992647552490234375e+01
-2.000000000000000000e+01 -1.998192787170410156e+01
-2.000000000000000000e+01 -1.999988174438476562e+01
-2.000000000000000000e+01 -2.000000000000000000e+01
-2.000000000000000000e+01 1.997675323486328125e+01
-1.999997329711914062e+01 2.000000000000000000e+01
1.912264060974121094e+01 2.000000000000000000e+01
4.645673751831054688e+00 2.000000000000000000e+01
1.993725967407226562e+01 2.000000000000000000e+01
1.992908668518066406e+01 1.999892616271972656e+01
1.999021530151367188e+01 1.999928665161132812e+01
1.999998092651367188e+01 -1.737178802490234375e+01
2.000000000000000000e+01 -2.000000000000000000e+01
1.999989318847656250e+01 -2.000000000000000000e+01
-1.995538330078125000e+01 -1.999932670593261719e+01
-2.000000000000000000e+01 -1.576914215087890625e+01
-2.000000000000000000e+01 -8.537653923034667969e+00
-2.000000000000000000e+01 1.999042892456054688e+01
-1.999997901916503906e+01 2.000000000000000000e+01
5.689253330230712891e+00 2.000000000000000000e+01
1.968169212341308594e+01 2.000000000000000000e+01
1.995435905456542969e+01 1.999999809265136719e+01
1.997307586669921875e+01 1.999912071228027344e+01
1.999653053283691406e+01 1.999886322021484375e+01
2.000000000000000000e+01 -2.000000000000000000e+01
2.000000000000000000e+01 -2.000000000000000000e+01
1.911324119567871094e+01 -2.000000000000000000e+01
-1.999999618530273438e+01 -1.999870491027832031e+01
-2.000000000000000000e+01 -1.630828475952148438e+01
-2.000000000000000000e+01 -8.244806289672851562e+00
-2.000000000000000000e+01 1.999951171875000000e+01
-1.999980735778808594e+01 2.000000000000000000e+01
1.431531047821044922e+01 2.000000000000000000e+01
1.998451614379882812e+01 2.000000000000000000e+01
1.990249633789062500e+01 1.999922180175781250e+01
1.998279762268066406e+01 1.999919891357421875e+01
1.999985504150390625e+01 -1.999951934814453125e+01
2.000000000000000000e+01 -2.000000000000000000e+01
-4.127120018005371094e+00 -2.000000000000000000e+01
-2.000000000000000000e+01 -2.000000190734863281e+01
-2.000000000000000000e+01 -5.198070406913757324e-01
-1.999988746643066406e+01 1.999853515625000000e+01
-1.747801017761230469e+01 2.000000000000000000e+01
1.984006118774414062e+01 2.000000000000000000e+01
1.997200393676757812e+01 2.000000000000000000e+01
1.992660331726074219e+01 1.999891662597656250e+01
1.998370742797851562e+01 -3.181891202926635742e+00
1.999999618530273438e+01 -2.000000000000000000e+01
1.999993515014648438e+01 -2.000000000000000000e+01
-2.000000000000000000e+01 -2.000000000000000000e+01
-2.000000000000000000e+01 -1.999995803833007812e+01
-2.000000000000000000e+01 1.826077270507812500e+01
7.983529567718505859e+00 2.000000000000000000e+01
1.981828880310058594e+01 2.000000000000000000e+01
1.991889190673828125e+01 1.996368598937988281e+01
1.999837303161621094e+01 -2.000000000000000000e+01
1.607460212707519531e+01 -2.000000000000000000e+01
-2.000000000000000000e+01 -2.000000000000000000e+01
-2.000000000000000000e+01 -1.999470520019531250e+01
-2.000000000000000000e+01 -1.756315994262695312e+01
-2.000000000000000000e+01 4.075790882110595703e+00
-2.000000000000000000e+01 -1.996387672424316406e+01
-2.000000000000000000e+01 1.994397354125976562e+01
-1.959684753417968750e+01 2.000000000000000000e+01
1.989139938354492188e+01 2.000000000000000000e+01
1.999625396728515625e+01 2.000000000000000000e+01
1.992752265930175781e+01 1.999892044067382812e+01
1.997463989257812500e+01 4.919783592224121094e+00
1.999995040893554688e+01 -2.000000000000000000e+01
1.999999427795410156e+01 -2.000000000000000000e+01
-2.000000000000000000e+01 -2.000000000000000000e+01
-2.000000000000000000e+01 -1.999998855590820312e+01
-2.000000000000000000e+01 -1.038914775848388672e+01
-2.000000000000000000e+01 1.999985694885253906e+01
-1.999760055541992188e+01 2.000000000000000000e+01
1.985800552368164062e+01 2.000000000000000000e+01
1.999589920043945312e+01 2.000000000000000000e+01
1.992399024963378906e+01 1.999890899658203125e+01
1.996995353698730469e+01 -1.893566894531250000e+01
1.999999618530273438e+01 -2.000000000000000000e+01
-1.999988937377929688e+01 -2.000000000000000000e+01
-2.000000000000000000e+01 -2.000000000000000000e+01
-2.000000000000000000e+01 -3.166970014572143555e+00
-1.999454307556152344e+01 2.000000000000000000e+01
-1.872099304199218750e+01 2.000000000000000000e+01
1.980688476562500000e+01 2.000000000000000000e+01
1.998266410827636719e+01 2.000000000000000000e+01
1.977853584289550781e+01 1.999863815307617188e+01
1.993372917175292969e+01 -1.961295127868652344e+01
1.999992752075195312e+01 -2.000000000000000000e+01
-1.989592742919921875e+01 -2.000000000000000000e+01
-1.999997711181640625e+01 -2.000000000000000000e+01
-1.999999618530273438e+01 -1.974163818359375000e+01
-2.000000000000000000e+01 1.999995994567871094e+01
-2.241011142730712891e+00 2.000000000000000000e+01
1.998389244079589844e+01 2.000000000000000000e+01
1.996084213256835938e+01 2.000000000000000000e+01
1.984409713745117188e+01 1.529400825500488281e+01
1.998582077026367188e+01 -2.000000000000000000e+01
1.999996948242187500e+01 -2.000000000000000000e+01
-2.000000000000000000e+01 -2.000000000000000000e+01
-2.000000000000000000e+01 -2.000000000000000000e+01
-2.000000000000000000e+01 1.339557647705078125e+01
2.832909107208251953e+00 2.000000000000000000e+01
1.991996383666992188e+01 2.000000000000000000e+01
1.970970916748046875e+01 1.994502258300781250e+01
1.964542579650878906e+01 -1.999999237060546875e+01
-1.988111114501953125e+01 -2.000000000000000000e+01
-1.999999427795410156e+01 -2.000000000000000000e+01
-2.000000000000000000e+01 -1.554911375045776367e+00
-1.322852993011474609e+01 2.000000000000000000e+01
1.821037483215332031e+01 2.000000000000000000e+01
1.998827552795410156e+01 2.000000000000000000e+01
1.988663482666015625e+01 1.213783144950866699e+00
1.995691108703613281e+01 -2.000000000000000000e+01
-1.999669647216796875e+01 -2.000000000000000000e+01
-2.000000000000000000e+01 -2.000000000000000000e+01
-2.000000000000000000e+01 -1.994944763183593750e+01
-1.999999618530273438e+01 1.999999809265136719e+01
-1.773221015930175781e+01 2.000000000000000000e+01
1.988280105590820312e+01 2.000000000000000000e+01
1.999284362792968750e+01 2.000000000000000000e+01
1.969573020935058594e+01 1.995567703247070312e+01
1.991171264648437500e+01 -1.999828529357910156e+01
1.999984741210937500e+01 -2.000000000000000000e+01
-1.999999427795410156e+01 -2.000000000000000000e+01
-2.000000000000000000e+01 -2.000000000000000000e+01
-2.000000000000000000e+01 -1.980244827270507812e+01
-2.000000000000000000e+01 1.999993896484375000e+01
-1.013713932037353516e+01 2.000000000000000000e+01
1.997420883178710938e+01 2.000000000000000000e+01
1.999108886718750000e+01 2.000000000000000000e+01
1.979636383056640625e+01 1.575933456420898438e+01
1.992944526672363281e+01 -1.999999809265136719e+01
1.999584960937500000e+01 -2.000000000000000000e+01
-2.000000000000000000e+01 -2.000000000000000000e+01
-2.000000000000000000e+01 -2.000000000000000000e+01
-2.000000000000000000e+01 -9.122138023376464844e+00
-1.999999427795410156e+01 2.000000000000000000e+01
-1.544097995758056641e+01 2.000000000000000000e+01
1.996791648864746094e+01 2.000000000000000000e+01
1.999373435974121094e+01 2.000000000000000000e+01
1.977289390563964844e+01 1.973183059692382812e+01
1.991666412353515625e+01 -1.999985122680664062e+01
1.999970245361328125e+01 -2.000000000000000000e+01
-2.000000000000000000e+01 -2.000000000000000000e+01
-2.000000000000000000e+01 -2.000000000000000000e+01
-2.000000000000000000e+01 -1.993851280212402344e+01
-2.000000000000000000e+01 1.999991989135742188e+01
-8.881832122802734375e+00 2.000000000000000000e+01
1.997083854675292969e+01 2.000000000000000000e+01
1.999229812622070312e+01 2.000000000000000000e+01
1.982169342041015625e+01 -1.107455253601074219e+00
1.985991287231445312e+01 -2.000000000000000000e+01
-1.999176406860351562e+01 -2.000000000000000000e+01
-1.999999618530273438e+01 -2.000000000000000000e+01
-2.000000000000000000e+01 -1.997048950195312500e+01
-1.999996185302734375e+01 2.000000000000000000e+01
9.120936393737792969e+00 2.000000000000000000e+01
1.999640655517578125e+01 2.000000000000000000e+01
1.996406936645507812e+01 1.999998855590820312e+01
1.986203384399414062e+01 -1.999932098388671875e+01
-5.197374343872070312e+00 -2.000000000000000000e+01
-2.000000000000000000e+01 -2.000000000000000000e+01
-2.000000000000000000e+01 -2.000000000000000000e+01
-2.000000000000000000e+01 1.999994087219238281e+01
1.820731163024902344e+01 2.000000000000000000e+01
1.998561859130859375e+01 2.000000000000000000e+01
1.958925056457519531e+01 -1.753528213500976562e+01
-1.999886322021484375e+01 -2.000000000000000000e+01
-2.000000000000000000e+01 -2.000000000000000000e+01
-1.999998092651367188e+01 2.000000000000000000e+01
1.956648635864257812e+01 2.000000000000000000e+01
1.999344253540039062e+01 2.000000000000000000e+01
1.986684036254882812e+01 -1.852659034729003906e+01
-1.999105644226074219e+01 -2.000000000000000000e+01
-1.999999809265136719e+01 -2.000000000000000000e+01
-1.999987792968750000e+01 1.999999427795410156e+01
1.994068527221679688e+01 2.000000000000000000e+01
1.999535942077636719e+01 2.000000000000000000e+01
1.991688728332519531e+01 -1.936493110656738281e+01
-1.997459030151367188e+01 -2.000000000000000000e+01
-1.999999618530273438e+01 -2.000000000000000000e+01
-1.999977302551269531e+01 1.999998092651367188e+01
1.998327445983886719e+01 2.000000000000000000e+01
1.999486541748046875e+01 2.000000000000000000e+01
1.991347122192382812e+01 -1.959089851379394531e+01
-1.995160102844238281e+01 -2.000000000000000000e+01
-1.999999237060546875e+01 -2.000000000000000000e+01
-1.999961090087890625e+01 1.999996948242187500e+01
1.998994445800781250e+01 2.000000000000000000e+01
1.999469757080078125e+01 2.000000000000000000e+01
1.990489006042480469e+01 -1.966392517089843750e+01
-1.992164802551269531e+01 -2.000000000000000000e+01
-1.999998855590820312e+01 -2.000000000000000000e+01
-1.999933433532714844e+01 1.999996185302734375e+01
1.999305534362792969e+01 2.000000000000000000e+01
1.999467086791992188e+01 2.000000000000000000e+01
1.989722442626953125e+01 -1.970121002197265625e+01
-1.988945388793945312e+01 -2.000000000000000000e+01
-1.999998474121093750e+01 -2.000000000000000000e+01
-1.999890518188476562e+01 1.999996376037597656e+01
1.999496841430664062e+01 2.000000000000000000e+01
1.999477386474609375e+01 2.000000000000000000e+01
1.989002418518066406e+01 -1.972921371459960938e+01
-1.985440444946289062e+01 -2.000000000000000000e+01
-1.999997901916503906e+01 -2.000000000000000000e+01
-1.999826431274414062e+01 1.999995994567871094e+01
1.999621200561523438e+01 2.000000000000000000e+01
1.999490356445312500e+01 2.000000000000000000e+01
1.988321876525878906e+01 -1.975403976440429688e+01
-1.981883811950683594e+01 -2.000000000000000000e+01
-1.999996757507324219e+01 -2.000000000000000000e+01
-1.999738121032714844e+01 1.999996376037597656e+01
1.999706077575683594e+01 2.000000000000000000e+01
1.999504470825195312e+01 2.000000000000000000e+01
1.987691688537597656e+01 -1.977648544311523438e+01
-1.978608703613281250e+01 -2.000000000000000000e+01
-1.999995803833007812e+01 -2.000000000000000000e+01
-1.999624443054199219e+01 1.999995994567871094e+01
1.999765396118164062e+01 2.000000000000000000e+01
1.999519538879394531e+01 2.000000000000000000e+01
1.987124824523925781e+01 -1.979617309570312500e+01
-1.975897598266601562e+01 -2.000000000000000000e+01
-1.999995040893554688e+01 -2.000000000000000000e+01
-1.999464607238769531e+01 1.999996566772460938e+01
1.999807739257812500e+01 2.000000000000000000e+01
1.999535179138183594e+01 2.000000000000000000e+01
1.986628150939941406e+01 -1.981276702880859375e+01
-1.974002647399902344e+01 -2.000000000000000000e+01
-1.999994659423828125e+01 -2.000000000000000000e+01
-1.999267387390136719e+01 1.999996948242187500e+01
1.999839401245117188e+01 2.000000000000000000e+01
1.999551773071289062e+01 2.000000000000000000e+01
1.986203384399414062e+01 -1.982602882385253906e+01
-1.972846603393554688e+01 -2.000000000000000000e+01
-1.999993896484375000e+01 -2.000000000000000000e+01
-1.999028587341308594e+01 1.999997711181640625e+01
1.999862670898437500e+01 2.000000000000000000e+01
1.999581527709960938e+01 2.000000000000000000e+01
1.985844802856445312e+01 -1.983623504638671875e+01
-1.972208023071289062e+01 -2.000000000000000000e+01
-1.999993515014648438e+01 -2.000000000000000000e+01
-1.998744201660156250e+01 1.999997901916503906e+01
1.999881172180175781e+01 2.000000000000000000e+01
1.999608230590820312e+01 2.000000000000000000e+01
1.985545349121093750e+01 -1.984384918212890625e+01
-1.971990776062011719e+01 -2.000000000000000000e+01
-1.999993133544921875e+01 -2.000000000000000000e+01
-1.998406982421875000e+01 1.999998283386230469e+01
1.999895858764648438e+01 2.000000000000000000e+01
1.999632453918457031e+01 2.000000000000000000e+01
1.985298156738281250e+01 -1.984923934936523438e+01
-1.972425651550292969e+01 -2.000000000000000000e+01
-1.999992752075195312e+01 -2.000000000000000000e+01
-1.998000717163085938e+01 1.999998474121093750e+01
1.999907493591308594e+01 2.000000000000000000e+01
1.999655151367187500e+01 2.000000000000000000e+01
1.985093498229980469e+01 -1.985236930847167969e+01
-1.973226165771484375e+01 -2.000000000000000000e+01
-1.999992370605468750e+01 -2.000000000000000000e+01
-1.997504997253417969e+01 1.999998855590820312e+01
1.999917221069335938e+01 2.000000000000000000e+01
1.999676132202148438e+01 2.000000000000000000e+01
1.984922027587890625e+01 -1.985356521606445312e+01
-1.973964691162109375e+01 -2.000000000000000000e+01
-1.999991607666015625e+01 -2.000000000000000000e+01
-1.996905517578125000e+01 1.999999427795410156e+01
1.999925422668457031e+01 2.000000000000000000e+01
1.999695205688476562e+01 2.000000000000000000e+01
1.984777832031250000e+01 -1.985342407226562500e+01
-1.974623489379882812e+01 -2.000000000000000000e+01
-1.999991607666015625e+01 -2.000000000000000000e+01
-1.996188545227050781e+01 1.999999237060546875e+01
1.999933052062988281e+01 2.000000000000000000e+01
1.999713325500488281e+01 2.000000000000000000e+01
1.984658241271972656e+01 -1.985224151611328125e+01
-1.975213241577148438e+01 -2.000000000000000000e+01
-1.999990844726562500e+01 -2.000000000000000000e+01
-1.995341682434082031e+01 1.999999809265136719e+01
1.999939155578613281e+01 2.000000000000000000e+01
1.999729347229003906e+01 2.000000000000000000e+01
1.984562683105468750e+01 -1.985021018981933594e+01
-1.975639533996582031e+01 -2.000000000000000000e+01
-1.999990272521972656e+01 -2.000000000000000000e+01
-1.994362068176269531e+01 1.999999618530273438e+01
1.999944305419921875e+01 2.000000000000000000e+01
1.999744224548339844e+01 2.000000000000000000e+01
1.984490585327148438e+01 -1.984758567810058594e+01
-1.976030731201171875e+01 -2.000000000000000000e+01
-1.999990081787109375e+01 -2.000000000000000000e+01
-1.993247985839843750e+01 1.999999618530273438e+01
1.999948883056640625e+01 2.000000000000000000e+01
1.999758148193359375e+01 2.000000000000000000e+01
1.984443283081054688e+01 -1.984440803527832031e+01
-1.976468086242675781e+01 -2.000000000000000000e+01
-1.999989318847656250e+01 -2.000000000000000000e+01
-1.991998291015625000e+01 1.999999809265136719e+01
1.999953460693359375e+01 2.000000000000000000e+01
1.999770736694335938e+01 2.000000000000000000e+01
1.984420013427734375e+01 -1.984068298339843750e+01
-1.976964569091796875e+01 -2.000000000000000000e+01
-1.999988937377929688e+01 -2.000000000000000000e+01
-1.990616035461425781e+01 1.999999809265136719e+01
1.999956893920898438e+01 2.000000000000000000e+01
1.999782371520996094e+01 2.000000000000000000e+01
1.984420394897460938e+01 -1.983642005920410156e+01
-1.977527236938476562e+01 -2.000000000000000000e+01
-1.999988555908203125e+01 -2.000000000000000000e+01
-1.989109230041503906e+01 1.999999809265136719e+01
1.999959754943847656e+01 2.000000000000000000e+01
1.999793052673339844e+01 2.000000000000000000e+01
1.984443092346191406e+01 -1.983167076110839844e+01
-1.978157806396484375e+01 -2.000000000000000000e+01
-1.999988174438476562e+01 -2.000000000000000000e+01
-1.987489891052246094e+01 1.999999809265136719e+01
1.999962806701660156e+01 2.000000000000000000e+01
1.999803161621093750e+01 2.000000000000000000e+01
1.984486961364746094e+01 -1.982644462585449219e+01
-1.978853988647460938e+01 -2.000000000000000000e+01
-1.999988174438476562e+01 -2.000000000000000000e+01
-1.985775947570800781e+01 1.999999618530273438e+01
1.999964523315429688e+01 2.000000000000000000e+01
1.999812507629394531e+01 2.000000000000000000e+01
1.984550476074218750e+01 -1.982077026367187500e+01
-1.979610824584960938e+01 -2.000000000000000000e+01
-1.999987602233886719e+01 -2.000000000000000000e+01
-1.983987236022949219e+01 2.000000000000000000e+01
1.999967193603515625e+01 2.000000000000000000e+01
1.999820899963378906e+01 2.000000000000000000e+01
1.984632301330566406e+01 -1.981465911865234375e+01
-1.980419349670410156e+01 -2.000000000000000000e+01
-1.999987602233886719e+01 -2.000000000000000000e+01
-1.982147407531738281e+01 2.000000000000000000e+01
1.999968338012695312e+01 2.000000000000000000e+01
1.999828720092773438e+01 2.000000000000000000e+01
1.984730720520019531e+01 -1.980810546875000000e+01
-1.981269264221191406e+01 -2.000000000000000000e+01
-1.999987411499023438e+01 -2.000000000000000000e+01
-1.980278778076171875e+01 2.000000000000000000e+01
1.999969863891601562e+01 2.000000000000000000e+01
1.999836158752441406e+01 2.000000000000000000e+01
1.984843635559082031e+01 -1.980112838745117188e+01
-1.982147789001464844e+01 -2.000000000000000000e+01
-1.999987411499023438e+01 -2.000000000000000000e+01
-1.978403472900390625e+01 1.999999809265136719e+01
1.999971771240234375e+01 2.000000000000000000e+01
1.999842834472656250e+01 2.000000000000000000e+01
1.984968948364257812e+01 -1.979371261596679688e+01
-1.983041572570800781e+01 -2.000000000000000000e+01
-1.999987030029296875e+01 -2.000000000000000000e+01
-1.976540756225585938e+01 1.999999809265136719e+01
1.999972534179687500e+01 2.000000000000000000e+01
1.999849510192871094e+01 2.000000000000000000e+01
1.985104751586914062e+01 -1.978586578369140625e+01
-1.983937072753906250e+01 -2.000000000000000000e+01
-1.999987030029296875e+01 -2.000000000000000000e+01
-1.974706840515136719e+01 2.000000000000000000e+01
1.999973678588867188e+01 2.000000000000000000e+01
1.999855232238769531e+01 2.000000000000000000e+01
1.985248756408691406e+01 -1.977760124206542969e+01
-1.984823036193847656e+01 -2.000000000000000000e+01
-1.999987030029296875e+01 -2.000000000000000000e+01
-1.972912216186523438e+01 2.000000000000000000e+01
1.999974250793457031e+01 2.000000000000000000e+01
1.999860763549804688e+01 2.000000000000000000e+01
1.985398864746093750e+01 -1.976893997192382812e+01
-1.985414123535156250e+01 -2.000000000000000000e+01
-1.999987030029296875e+01 -2.000000000000000000e+01
-1.971261215209960938e+01 2.000000000000000000e+01
1.999975395202636719e+01 2.000000000000000000e+01
1.999866104125976562e+01 2.000000000000000000e+01
1.985554885864257812e+01 -1.976020812988281250e+01
-1.985848045349121094e+01 -2.000000000000000000e+01
-1.999987030029296875e+01 -2.000000000000000000e+01
-1.969792175292968750e+01 2.000000000000000000e+01
1.999975967407226562e+01 2.000000000000000000e+01
1.999870872497558594e+01 2.000000000000000000e+01
1.985715484619140625e+01 -1.975130653381347656e+01
-1.986319732666015625e+01 -2.000000000000000000e+01
-1.999987411499023438e+01 -2.000000000000000000e+01
-1.968452644348144531e+01 2.000000000000000000e+01
1.999976539611816406e+01 2.000000000000000000e+01
1.999875259399414062e+01 2.000000000000000000e+01
1.985879325866699219e+01 -1.974199485778808594e+01
-1.986807823181152344e+01 -2.000000000000000000e+01
-1.999987411499023438e+01 -2.000000000000000000e+01
-1.967197799682617188e+01 2.000000000000000000e+01
1.999977111816406250e+01 2.000000000000000000e+01
1.999879455566406250e+01 2.000000000000000000e+01
1.986042976379394531e+01 -1.973229026794433594e+01
-1.987294960021972656e+01 -2.000000000000000000e+01
-1.999987602233886719e+01 -2.000000000000000000e+01
-1.965995407104492188e+01 2.000000000000000000e+01
1.999977302551269531e+01 2.000000000000000000e+01
1.999883460998535156e+01 2.000000000000000000e+01
1.986204528808593750e+01 -1.972228240966796875e+01
-1.987771415710449219e+01 -2.000000000000000000e+01
-1.999988174438476562e+01 -2.000000000000000000e+01
-1.964826393127441406e+01 2.000000000000000000e+01
1.999977684020996094e+01 2.000000000000000000e+01
1.999887084960937500e+01 2.000000000000000000e+01
1.986361312866210938e+01 -1.971210098266601562e+01
-1.988229942321777344e+01 -2.000000000000000000e+01
-1.999988174438476562e+01 -2.000000000000000000e+01
-1.963678741455078125e+01 2.000000000000000000e+01
1.999978256225585938e+01 2.000000000000000000e+01
1.999890518188476562e+01 2.000000000000000000e+01
1.986512374877929688e+01 -1.970188331604003906e+01
-1.988669204711914062e+01 -2.000000000000000000e+01
-1.999988365173339844e+01 -2.000000000000000000e+01
-1.962547111511230469e+01 2.000000000000000000e+01
1.999978637695312500e+01 2.000000000000000000e+01
1.999893569946289062e+01 2.000000000000000000e+01
1.986661911010742188e+01 -1.969173812866210938e+01
-1.989089965820312500e+01 -2.000000000000000000e+01
-1.999988555908203125e+01 -2.000000000000000000e+01
-1.961433601379394531e+01 2.000000000000000000e+01
1.999978637695312500e+01 2.000000000000000000e+01
1.999896812438964844e+01 2.000000000000000000e+01
1.986810302734375000e+01 -1.968176460266113281e+01
-1.989493370056152344e+01 -2.000000000000000000e+01
-1.999988746643066406e+01 -2.000000000000000000e+01
-1.960342407226562500e+01 2.000000000000000000e+01
1.999979209899902344e+01 2.000000000000000000e+01
1.999899864196777344e+01 2.000000000000000000e+01
1.986951446533203125e+01 -1.967204093933105469e+01
-1.989880943298339844e+01 -2.000000000000000000e+01
-1.999988746643066406e+01 -2.000000000000000000e+01
-1.959276008605957031e+01 2.000000000000000000e+01
1.999979209899902344e+01 2.000000000000000000e+01
1.999902725219726562e+01 2.000000000000000000e+01
1.987085533142089844e+01 -1.966259193420410156e+01
-1.990254592895507812e+01 -2.000000000000000000e+01
-1.999989128112792969e+01 -2.000000000000000000e+01
-1.958234214782714844e+01 2.000000000000000000e+01
1.999979782104492188e+01 2.000000000000000000e+01
1.999904823303222656e+01 2.000000000000000000e+01
1.987212562561035156e+01 -1.965349197387695312e+01
-1.990615081787109375e+01 -2.000000000000000000e+01
-1.999989318847656250e+01 -2.000000000000000000e+01
-1.957223701477050781e+01 2.000000000000000000e+01
1.999979972839355469e+01 2.000000000000000000e+01
1.999907112121582031e+01 2.000000000000000000e+01
1.987332153320312500e+01 -1.964477157592773438e+01
-1.990963935852050781e+01 -2.000000000000000000e+01
-1.999989509582519531e+01 -2.000000000000000000e+01
-1.956244277954101562e+01 2.000000000000000000e+01
1.999980354309082031e+01 2.000000000000000000e+01
1.999909782409667969e+01 2.000000000000000000e+01
1.987445259094238281e+01 -1.963645362854003906e+01
-1.991302108764648438e+01 -2.000000000000000000e+01
-1.999989700317382812e+01 -2.000000000000000000e+01
-1.955300903320312500e+01 2.000000000000000000e+01
1.999980545043945312e+01 2.000000000000000000e+01
1.999911689758300781e+01 2.000000000000000000e+01
1.987551879882812500e+01 -1.962856483459472656e+01
-1.991630363464355469e+01 -2.000000000000000000e+01
-1.999990081787109375e+01 -2.000000000000000000e+01
-1.954395103454589844e+01 2.000000000000000000e+01
1.999980735778808594e+01 2.000000000000000000e+01
1.999913597106933594e+01 2.000000000000000000e+01
1.987981033325195312e+01 -1.958180999755859375e+01
-1.991792869567871094e+01 -2.000000000000000000e+01
-1.999989891052246094e+01 -2.000000000000000000e+01
-1.951856422424316406e+01 2.000000000000000000e+01
1.999981307983398438e+01 2.000000000000000000e+01
1.999915504455566406e+01 2.000000000000000000e+01
1.988306236267089844e+01 -1.954586410522460938e+01
-1.991907882690429688e+01 -2.000000000000000000e+01
-1.999989700317382812e+01 -1.999999809265136719e+01
-1.948983383178710938e+01 2.000000000000000000e+01
1.999981880187988281e+01 2.000000000000000000e+01
1.999916839599609375e+01 2.000000000000000000e+01
1.988536071777343750e+01 -1.952377128601074219e+01
-1.992094230651855469e+01 -2.000000000000000000e+01
-1.999989700317382812e+01 -2.000000000000000000e+01
-1.946560668945312500e+01 2.000000000000000000e+01
1.999982261657714844e+01 2.000000000000000000e+01
1.999917984008789062e+01 2.000000000000000000e+01
1.988719558715820312e+01 -1.950876998901367188e+01
-1.992347908020019531e+01 -2.000000000000000000e+01
-1.999989700317382812e+01 -2.000000000000000000e+01
-1.944677352905273438e+01 2.000000000000000000e+01
1.999982643127441406e+01 2.000000000000000000e+01
1.999918937683105469e+01 2.000000000000000000e+01
1.988882255554199219e+01 -1.949624824523925781e+01
-1.992645645141601562e+01 -2.000000000000000000e+01
-1.999989700317382812e+01 -1.999999809265136719e+01
-1.943144798278808594e+01 2.000000000000000000e+01
1.999983215332031250e+01 2.000000000000000000e+01
1.999920082092285156e+01 2.000000000000000000e+01
1.989030265808105469e+01 -1.948509788513183594e+01
-1.992964935302734375e+01 -2.000000000000000000e+01
-1.999990081787109375e+01 -2.000000000000000000e+01
-1.941833496093750000e+01 2.000000000000000000e+01
1.999983406066894531e+01 2.000000000000000000e+01
1.999920654296875000e+01 2.000000000000000000e+01
1.989164543151855469e+01 -1.947546386718750000e+01
-1.993293952941894531e+01 -2.000000000000000000e+01
-1.999990081787109375e+01 -2.000000000000000000e+01
-1.940694618225097656e+01 2.000000000000000000e+01
1.999983787536621094e+01 2.000000000000000000e+01
1.999921417236328125e+01 2.000000000000000000e+01
1.989285278320312500e+01 -1.946747589111328125e+01
-1.993626594543457031e+01 -2.000000000000000000e+01
-1.999990272521972656e+01 -1.999999618530273438e+01
-1.939716339111328125e+01 2.000000000000000000e+01
1.999984169006347656e+01 2.000000000000000000e+01
1.999922180175781250e+01 2.000000000000000000e+01
1.989394950866699219e+01 -1.946083641052246094e+01
-1.993957138061523438e+01 -2.000000000000000000e+01
-1.999990272521972656e+01 -2.000000190734863281e+01
-1.938872909545898438e+01 2.000000000000000000e+01
1.999984359741210938e+01 2.000000000000000000e+01
1.999923133850097656e+01 2.000000000000000000e+01
1.989495468139648438e+01 -1.945533943176269531e+01
-1.994280433654785156e+01 -2.000000000000000000e+01
-1.999990463256835938e+01 -2.000000000000000000e+01
-1.938146209716796875e+01 2.000000000000000000e+01
1.999984741210937500e+01 2.000000000000000000e+01
1.999923896789550781e+01 2.000000000000000000e+01
1.989587783813476562e+01 -1.945072364807128906e+01
-1.994594001770019531e+01 -2.000000000000000000e+01
-1.999990844726562500e+01 -2.000000000000000000e+01
-1.937512207031250000e+01 2.000000000000000000e+01
1.999984741210937500e+01 2.000000000000000000e+01
1.999924278259277344e+01 2.000000000000000000e+01
1.989673805236816406e+01 -1.944689559936523438e+01
-1.994895935058593750e+01 -2.000000000000000000e+01
-1.999991607666015625e+01 -2.000000000000000000e+01
-1.936962127685546875e+01 2.000000000000000000e+01
1.999985122680664062e+01 2.000000000000000000e+01
1.999925041198730469e+01 2.000000000000000000e+01
1.989754104614257812e+01 -1.944364929199218750e+01
-1.995184707641601562e+01 -2.000000000000000000e+01
-1.999991416931152344e+01 -2.000000000000000000e+01
-1.936476325988769531e+01 2.000000000000000000e+01
1.999985504150390625e+01 2.000000000000000000e+01
1.999925804138183594e+01 2.000000000000000000e+01
1.989830017089843750e+01 -1.944097137451171875e+01
-1.995460128784179688e+01 -2.000000000000000000e+01
-1.999991607666015625e+01 -2.000000000000000000e+01
-1.936053848266601562e+01 2.000000000000000000e+01
1.999985504150390625e+01 2.000000000000000000e+01
1.999926376342773438e+01 2.000000000000000000e+01
1.989902114868164062e+01 -1.943867301940917969e+01
-1.995721435546875000e+01 -2.000000000000000000e+01
-1.999991989135742188e+01 -2.000000000000000000e+01
-1.935678100585937500e+01 2.000000000000000000e+01
1.999985694885253906e+01 2.000000000000000000e+01
1.999926757812500000e+01 2.000000000000000000e+01
1.989970588684082031e+01 -1.943671798706054688e+01
-1.995968818664550781e+01 -2.000000000000000000e+01
-1.999992179870605469e+01 -2.000000000000000000e+01
-1.935343933105468750e+01 2.000000000000000000e+01
1.999985885620117188e+01 2.000000000000000000e+01
1.999927330017089844e+01 2.000000000000000000e+01
1.990036773681640625e+01 -1.943507575988769531e+01
-1.996202850341796875e+01 -2.000000000000000000e+01
-1.999992179870605469e+01 -2.000000000000000000e+01
-1.935047340393066406e+01 2.000000000000000000e+01
1.999986076354980469e+01 2.000000000000000000e+01
1.999927902221679688e+01 2.000000000000000000e+01
1.990100288391113281e+01 -1.943365478515625000e+01
-1.996423721313476562e+01 -2.000000000000000000e+01
-1.999992561340332031e+01 -2.000000000000000000e+01
-1.934785079956054688e+01 2.000000000000000000e+01
1.999986457824707031e+01 2.000000000000000000e+01
1.999928283691406250e+01 2.000000000000000000e+01
1.990161514282226562e+01 -1.943240356445312500e+01
-1.996632003784179688e+01 -2.000000000000000000e+01
-1.999992752075195312e+01 -2.000000000000000000e+01
-1.934544563293457031e+01 2.000000000000000000e+01
1.999986457824707031e+01 2.000000000000000000e+01
1.999928855895996094e+01 2.000000000000000000e+01
1.990221405029296875e+01 -1.943136596679687500e+01
-1.996828269958496094e+01 -2.000000000000000000e+01
-1.999993133544921875e+01 -2.000000000000000000e+01
-1.934334945678710938e+01 2.000000000000000000e+01
1.999986648559570312e+01 2.000000000000000000e+01
1.999929237365722656e+01 2.000000000000000000e+01
1.990279388427734375e+01 -1.943041610717773438e+01
-1.997012710571289062e+01 -2.000000000000000000e+01
-1.999993324279785156e+01 -2.000000000000000000e+01
-1.934142303466796875e+01 2.000000000000000000e+01
1.999986839294433594e+01 2.000000000000000000e+01
1.999929809570312500e+01 2.000000000000000000e+01
1.990336227416992188e+01 -1.942962646484375000e+01
-1.997186851501464844e+01 -2.000000000000000000e+01
-1.999993515014648438e+01 -2.000000000000000000e+01
-1.933973312377929688e+01 2.000000000000000000e+01
1.999987030029296875e+01 2.000000000000000000e+01
1.999930381774902344e+01 2.000000000000000000e+01
1.990391921997070312e+01 -1.942892265319824219e+01
-1.997350120544433594e+01 -2.000000000000000000e+01
-1.999993705749511719e+01 -2.000000000000000000e+01
-1.933819198608398438e+01 2.000000000000000000e+01
1.999987030029296875e+01 2.000000000000000000e+01
1.999931144714355469e+01 2.000000000000000000e+01
1.990446090698242188e+01 -1.942829513549804688e+01
-1.997504425048828125e+01 -2.000000000000000000e+01
-1.999993896484375000e+01 -2.000000000000000000e+01
-1.933680725097656250e+01 2.000000000000000000e+01
1.999987030029296875e+01 2.000000000000000000e+01
1.999931716918945312e+01 2.000000000000000000e+01
1.990499496459960938e+01 -1.942774963378906250e+01
-1.997637557983398438e+01 -2.000000000000000000e+01
-1.999994087219238281e+01 -2.000000000000000000e+01
-1.933567047119140625e+01 2.000000000000000000e+01
1.999987602233886719e+01 2.000000000000000000e+01
1.999932098388671875e+01 2.000000000000000000e+01
1.990551948547363281e+01 -1.942727088928222656e+01
-1.997762298583984375e+01 -2.000000000000000000e+01
-1.999994468688964844e+01 -2.000000000000000000e+01
-1.933466339111328125e+01 2.000000000000000000e+01
1.999987602233886719e+01 2.000000000000000000e+01
1.999932861328125000e+01 2.000000000000000000e+01
1.990603637695312500e+01 -1.942686462402343750e+01
-1.997880172729492188e+01 -2.000000000000000000e+01
-1.999994468688964844e+01 -2.000000000000000000e+01
-1.933380508422851562e+01 2.000000000000000000e+01
1.999987792968750000e+01 2.000000000000000000e+01
1.999933242797851562e+01 2.000000000000000000e+01
1.990654754638671875e+01 -1.942645263671875000e+01
-1.997991752624511719e+01 -2.000000000000000000e+01
-1.999994468688964844e+01 -2.000000000000000000e+01
-1.933300971984863281e+01 2.000000000000000000e+01
1.999988174438476562e+01 2.000000000000000000e+01
1.999933815002441406e+01 2.000000000000000000e+01
1.990705108642578125e+01 -1.942612838745117188e+01
-1.998097610473632812e+01 -2.000000000000000000e+01
-1.999994850158691406e+01 -2.000000000000000000e+01
-1.933230972290039062e+01 2.000000000000000000e+01
1.999987983703613281e+01 2.000000000000000000e+01
1.999934387207031250e+01 2.000000000000000000e+01
1.990754699707031250e+01 -1.942583274841308594e+01
-1.998197555541992188e+01 -2.000000000000000000e+01
-1.999995040893554688e+01 -2.000000000000000000e+01
-1.933170509338378906e+01 2.000000000000000000e+01
1.999988365173339844e+01 2.000000000000000000e+01
1.999934577941894531e+01 2.000000000000000000e+01
1.990803146362304688e+01 -1.942557907104492188e+01
-1.998292160034179688e+01 -2.000000000000000000e+01
-1.999995040893554688e+01 -2.000000000000000000e+01
-1.933116149902343750e+01 2.000000000000000000e+01
1.999988365173339844e+01 2.000000000000000000e+01
1.999935340881347656e+01 2.000000000000000000e+01
1.990851593017578125e+01 -1.942538070678710938e+01
-1.998381614685058594e+01 -2.000000000000000000e+01
-1.999995231628417969e+01 -2.000000000000000000e+01
-1.932476615905761719e+01 2.000000000000000000e+01
1.999988365173339844e+01 2.000000000000000000e+01
1.999935531616210938e+01 2.000000000000000000e+01
1.990888977050781250e+01 -1.943087005615234375e+01
-1.998477935791015625e+01 -2.000000000000000000e+01
-1.999995803833007812e+01 -2.000000000000000000e+01
-1.932133293151855469e+01 2.000000000000000000e+01
1.999988365173339844e+01 2.000000000000000000e+01
1.999936103820800781e+01 2.000000000000000000e+01
1.990933609008789062e+01 -1.943631744384765625e+01
-1.998578643798828125e+01 -2.000000000000000000e+01
-1.999995803833007812e+01 -2.000000000000000000e+01
-1.932307815551757812e+01 2.000000000000000000e+01
1.999988746643066406e+01 2.000000000000000000e+01
1.999936676025390625e+01 2.000000000000000000e+01
1.990975189208984375e+01 -1.944109344482421875e+01
-1.998677444458007812e+01 -2.000000000000000000e+01
-1.999995803833007812e+01 -2.000000000000000000e+01
-1.932594680786132812e+01 2.000000000000000000e+01
1.999988746643066406e+01 2.000000000000000000e+01
1.999936866760253906e+01 2.000000000000000000e+01
1.991027450561523438e+01 -1.944242668151855469e+01
-1.998768615722656250e+01 -2.000000000000000000e+01
-1.999995994567871094e+01 -2.000000000000000000e+01
-1.932737159729003906e+01 2.000000000000000000e+01
1.999988746643066406e+01 2.000000000000000000e+01
1.999937629699707031e+01 2.000000000000000000e+01
1.991082763671875000e+01 -1.944309616088867188e+01
-1.998852539062500000e+01 -2.000000000000000000e+01
-1.999996376037597656e+01 -2.000000000000000000e+01
-1.932822990417480469e+01 2.000000000000000000e+01
1.999988746643066406e+01 2.000000000000000000e+01
1.999938011169433594e+01 2.000000000000000000e+01
1.991138076782226562e+01 -1.944363021850585938e+01
-1.998930168151855469e+01 -2.000000000000000000e+01
-1.999996376037597656e+01 -2.000000000000000000e+01
-1.932888793945312500e+01 2.000000000000000000e+01
1.999988746643066406e+01 2.000000000000000000e+01
1.999938583374023438e+01 2.000000000000000000e+01
1.991193771362304688e+01 -1.944405364990234375e+01
-1.999001884460449219e+01 -2.000000000000000000e+01
-1.999996376037597656e+01 -2.000000000000000000e+01
-1.932942390441894531e+01 2.000000000000000000e+01
1.999988937377929688e+01 2.000000000000000000e+01
1.999939155578613281e+01 2.000000000000000000e+01
1.991249465942382812e+01 -1.944428825378417969e+01
-1.999068069458007812e+01 -2.000000000000000000e+01
-1.999996948242187500e+01 -2.000000000000000000e+01
-1.932980918884277344e+01 2.000000000000000000e+01
1.999988937377929688e+01 2.000000000000000000e+01
1.999939537048339844e+01 2.000000000000000000e+01
1.991305541992187500e+01 -1.944750213623046875e+01
-1.999131393432617188e+01 -2.000000000000000000e+01
-1.999996757507324219e+01 -2.000000000000000000e+01
-1.933201789855957031e+01 2.000000000000000000e+01
1.999988937377929688e+01 2.000000000000000000e+01
1.999940109252929688e+01 2.000000000000000000e+01
1.991367530822753906e+01 -1.945022392272949219e+01
-1.999191093444824219e+01 -2.000000000000000000e+01
-1.999996757507324219e+01 -2.000000000000000000e+01
-1.933445358276367188e+01 2.000000000000000000e+01
1.999988937377929688e+01 2.000000000000000000e+01
1.999940681457519531e+01 2.000000000000000000e+01
1.991433525085449219e+01 -1.945159149169921875e+01
-1.999246025085449219e+01 -2.000000000000000000e+01
-1.999997329711914062e+01 -2.000000000000000000e+01
-1.933620643615722656e+01 2.000000000000000000e+01
1.999988937377929688e+01 2.000000000000000000e+01
1.999941062927246094e+01 2.000000000000000000e+01
1.991500473022460938e+01 -1.945247840881347656e+01
-1.999296760559082031e+01 -2.000000000000000000e+01
-1.999997329711914062e+01 -2.000000000000000000e+01
-1.933755111694335938e+01 2.000000000000000000e+01
1.999989318847656250e+01 2.000000000000000000e+01
1.999941253662109375e+01 2.000000000000000000e+01
1.991567993164062500e+01 -1.945317459106445312e+01
-1.999343299865722656e+01 -2.000000000000000000e+01
-1.999997520446777344e+01 -2.000000000000000000e+01
-1.933868217468261719e+01 2.000000000000000000e+01
1.999989318847656250e+01 2.000000000000000000e+01
1.999942016601562500e+01 2.000000000000000000e+01
1.991634941101074219e+01 -1.945368576049804688e+01
-1.999386596679687500e+01 -2.000000000000000000e+01
-1.999997711181640625e+01 -2.000000000000000000e+01
-1.933961486816406250e+01 2.000000000000000000e+01
1.999989318847656250e+01 2.000000000000000000e+01
1.999942588806152344e+01 2.000000000000000000e+01
1.991702079772949219e+01 -1.945406723022460938e+01
-1.999426651000976562e+01 -2.000000000000000000e+01
-1.999997901916503906e+01 -2.000000000000000000e+01
-1.934042167663574219e+01 2.000000000000000000e+01
1.999989318847656250e+01 2.000000000000000000e+01
1.999943161010742188e+01 2.000000000000000000e+01
1.991768836975097656e+01 -1.945432853698730469e+01
