0.0,	0.21940954459993078,	2.5036867201530144e-08,	-4214.405744881065,	0
0.05,	0.2478416568469342,	0.12846306453611142,	-4227.907315286497,	31.168299278497994
0.1,	0.4508840300672749,	0.23659396094824314,	-4276.641167882964,	69.02123981916732
0.15,	0.5906022433300648,	0.30175982734934625,	-4333.7512608784045,	117.58091168758067
0.2,	0.7972946565200486,	0.4394164921691326,	-4464.400265337861,	445.0310885808205
0.25,	1.0201919875705034,	0.6385452975445506,	-4686.48096441783,	824.0436508532055
0.3,	1.154394107798902,	0.6954311140427709,	-4878.050435094885,	929.054548490073
0.35,	1.5086601561334987,	1.2078861397501601,	-5153.887807629147,	1310.9824287224014
0.4,	1.7197916816276506,	1.3473300712776939,	-5480.953977056204,	1530.7261472955827
0.45,	1.9047978908824275,	1.3931155220278786,	-5754.461591872008,	1540.0174819524184
0.5,	2.4214005441868207,	1.7898613403862118,	-6252.032061449198,	1843.406962237013
0.55,	2.8464216650794634,	1.947577861923292,	-6753.537906528352,	2376.393225964594
0.6,	3.2992620628585962,	2.308653288611454,	-7235.071508525666,	2631.74869592255
0.65,	3.6853712618047623,	2.590249225011812,	-7846.807725907028,	2671.5941689359615
0.7,	3.880758478127202,	2.627719246345238,	-8206.414726026382,	2886.1559352220484
0.75,	4.626336914874532,	3.074691565427539,	-9060.739318553135,	3658.8664414899868
0.8,	4.953769668695139,	3.112577883402334,	-9643.38866846743,	4974.280422024561
0.85,	5.187904343323326,	3.120479049305011,	-10212.350725226226,	4576.749040801156
0.9,	5.465431472800495,	3.398934239237876,	-11157.225560447294,	5697.685912766627
0.95,	5.677283075686251,	3.4781488346262317,	-11428.176923421785,	6189.576893441117
1.0,	5.893939007972169,	3.5204250951795517,	-12358.602715188512,	7707.751971608034
