3.1415926536 0.0000000000 
3.1415926536 0.0000000000 
3.1415926536 0.0000000000 
3.1415926536 0.0000000000 
3.1078082366 -0.3378441694 
3.0875163396 -0.2029189700 
3.1202749765 0.3275863681 
3.2238530003 1.0357802387 
3.3862676665 1.6241466621 
3.5666544579 1.8038679134 
3.7056825365 1.3902807862 
3.7412416402 0.3555910372 
3.6231448339 -1.1809680633 
3.3270283561 -2.9611647777 
2.8709661817 -4.5606217441 
2.3235422315 -5.4742395017 
1.7783218850 -5.4522034650 
1.3061343128 -4.7218757226 
0.9337334449 -3.7240086784 
0.6562253572 -2.7750808770 
0.4560282650 -2.0019709228 
0.3141844122 -1.4184385272 
0.2146398599 -0.9954455231 
0.1450487851 -0.6959107484 
0.0963418047 -0.4870698037 
0.0620500014 -0.3429180331 
0.0376857524 -0.2436424904 
0.0203275489 -0.1735820346 
0.0084012702 -0.1192627867 
0.0016490004 -0.0675226987 
0.0015871708 -0.0006182961 
