3.1415926536 0.0000000000 
3.1415926536 0.0000000000 
3.1415926536 0.0000000000 
3.1415926536 0.0000000000 
3.1077559590 -0.3383669458 
3.0873677019 -0.2038825708 
3.1200126635 0.3264496160 
3.2234989757 1.0348631213 
3.3858850866 1.6238611095 
3.5663355326 1.8045044598 
3.7055273707 1.3919183805 
3.7413350205 0.3580764982 
3.6235395826 -1.1779543783 
3.3277178778 -2.9582170487 
2.8718640781 -4.5585379965 
2.3244972343 -5.4736684378 
1.7791915282 -5.4530570613 
1.3068471804 -4.7234434781 
0.9342797759 -3.7256740452 
0.6566229381 -2.7765683778 
0.4563110288 -2.0031190929 
0.3143793030 -1.4193172578 
0.2147514278 -0.9962787522 
0.1450813513 -0.6967007653 
0.0963082524 -0.4877309892 
0.0619629946 -0.3434525776 
0.0375687422 -0.2439425239 
0.0202027085 -0.1736603369 
0.0082809488 -0.1192175976 
0.0016615379 -0.0661941089 
0.0015552091 -0.0010632874 
