0.0,	0.19853466504140163,	3.9015347476384714e-08,	-1996.946265918902,	0.00025592026626018244
0.05,	0.2523095619174947,	0.10719833266970996,	-2021.9405281991128,	126.64404702571434
0.1,	0.36372199700627456,	0.20296038867698962,	-2110.6815035738937,	256.65642294148944
0.15000000000000002,	0.45931361131723936,	0.2909832469958727,	-2223.380028605745,	364.1599443523927
0.2,	0.601139357083392,	0.38838807357823313,	-2389.9730477438075,	476.01960478148266
0.25,	0.7463863059276141,	0.5039379755279879,	-2576.044755331486,	594.4745919233271
0.30000000000000004,	0.8767098501234994,	0.5952568903952183,	-2840.679520572417,	713.4771622983814
0.35000000000000003,	1.0428033156203957,	0.6668949977930085,	-3110.534036611607,	802.5843118723008
0.4,	1.2094484112557538,	0.7972652063850721,	-3369.0074511585603,	901.4316090211488
0.45,	1.3837171159018504,	0.8880145461509735,	-3658.0492897931904,	1011.5008873615994
0.5,	1.5094796712920897,	1.0278375542882066,	-3977.315094798173,	1069.6374371257998
