3.141592653589793116e+00 0.000000000000000000e+00
2.930868064121374239e+00 -2.107245894684188325e+00
2.595349541856498021e+00 -3.355185222648756405e+00
2.207002514427621520e+00 -3.883470274288769453e+00
1.824132052924143821e+00 -3.828704615034771663e+00
1.464728486719739209e+00 -3.594035662044047896e+00
1.151003800504330599e+00 -3.137246862154086102e+00
9.051436962997012614e-01 -2.458601042046295149e+00
7.102163290368403992e-01 -1.949273672628605958e+00
5.593692818685949142e-01 -1.508470471682455516e+00
4.352040643978511980e-01 -1.241652174707436274e+00
3.321738791505595145e-01 -1.030301852472920165e+00
2.477098359340530465e-01 -8.446404321650637925e-01
1.837570332271383222e-01 -6.395280270691464652e-01
1.419312977220381633e-01 -4.182573550510034210e-01
1.133393173531853648e-01 -2.859198036885256533e-01
9.578010941745862539e-02 -1.755920793572672833e-01
8.610380424667329891e-02 -9.676305170785656773e-02
8.088564936211017908e-02 -5.218154884562688223e-02
7.790589103482448152e-02 -2.979758327286013628e-02
7.627062741814638613e-02 -1.635263616677945508e-02
7.540464462268081647e-02 -8.659827954656185850e-03
7.494424190377113604e-02 -4.604027189098794035e-03
7.469955203929545817e-02 -2.446898644756282954e-03
7.456952848195941286e-02 -1.300235573360157375e-03
7.450041303850074570e-02 -6.911544345865414801e-04
7.446369883511039234e-02 -3.671420339045347678e-04
7.444415809484539182e-02 -1.954074026475778581e-04
7.443378822203294831e-02 -1.036987281243216958e-04
7.442827219950132189e-02 -5.516022531779707437e-05
7.442535577688991211e-02 -2.916422611239365102e-05
