0.0,	0.03889391749456949,	0,	-10355.255632185836,	0
0.0001,	0.09171048655450983,	0.05233723341953701,	-10920.045368690066,	1069.4791185773317
0.0002,	0.14446247728206377,	0.07823140471745466,	-11967.736653819971,	2034.6018441481083
0.0003,	0.24978486064458177,	0.1472576698049374,	-15470.753960305963,	5959.043096984117
0.0004,	0.32542941115659013,	0.20734515558782332,	-18407.28711478492,	9228.94490676292
0.0005,	0.3561873343662569,	0.23484791651172127,	-20261.21594559723,	9129.420421775838
0.0006,	0.4328469084688924,	0.26202305745872606,	-25608.43121969488,	13318.71775212891
0.0007,	0.46844159327291435,	0.25878637718466907,	-32448.02950555409,	16732.064484093495
0.0008,	0.5994092869240341,	0.39398245976900037,	-43109.98052236957,	33698.50289825123
0.0009,	0.6296124296496567,	0.39797694818967494,	-46774.87013533771,	26250.707538269347
0.001,	0.7260833873117641,	0.4504039190660688,	-62140.739096927944,	44238.63374092922
