0.000000000000000000e+00
4.774674415588378906e+00
4.362521171569824219e+00
4.268688678741455078e+00
3.611265420913696289e+00
4.325298309326171875e+00
3.792209863662719727e+00
3.885716676712036133e+00
3.441293001174926758e+00
3.812708377838134766e+00
2.936324834823608398e+00
1.974955916404724121e+00
1.803799867630004883e+00
1.355868339538574219e+00
7.530924081802368164e-01
3.615902364253997803e-01
1.253802925348281860e-01
3.604367747902870178e-02
4.651851207017898560e-02
-2.253433689475059509e-02
-9.335463494062423706e-02
-1.541031152009963989e-01
-2.044758051633834839e-01
-2.459300160408020020e-01
-2.799858152866363525e-01
-3.079455792903900146e-01
-3.308987021446228027e-01
-3.497397601604461670e-01
-3.652064502239227295e-01
-3.779002428054809570e-01
-3.883203268051147461e-01
