0.0,	0.4585150603065788,	nan,	-4534.008832144301,	0
0.004,	1.1106626465896272,	0.6946175044312738,	-4736.376320897129,	312.427928945707
0.008,	1.9691399846170938,	1.1588233233514895,	-5537.520935624087,	1145.6797013828743
0.012,	2.435586008095973,	1.279724076540936,	-6269.707773094543,	1505.2214988273302
0.016,	3.1157992774961425,	1.7277587806423476,	-7068.3339859768,	1746.0244195450143
0.02,	3.555630767997383,	1.937900155074589,	-7905.648194707165,	1930.4842671943775
0.024,	3.963762826578742,	1.923101576461198,	-8344.424201579941,	1715.1823261402399
0.028,	4.253845042633547,	2.0621391078302778,	-8806.391273592702,	1779.0148875050784
0.032,	4.463503177733128,	2.0799973581940985,	-9326.937032111897,	1985.9929175125665
0.036,	4.732773520551639,	2.1151704077353912,	-9495.729281189593,	2366.689847268732
0.04,	4.816226357912898,	2.2408667084425287,	-9955.977924615916,	2312.9248421840193
