0.000000000000000000e+00
6.100945472717285156e+00
4.762443542480468750e+00
3.947464704513549805e+00
3.457214355468750000e+00
4.493026733398437500e+00
3.907393932342529297e+00
3.706382751464843750e+00
3.021887540817260742e+00
2.612147331237792969e+00
1.993441462516784668e+00
1.658152937889099121e+00
1.326878786087036133e+00
1.161706089973449707e+00
1.034950137138366699e+00
8.599510192871093750e-01
4.206613898277282715e-01
3.669293820858001709e-01
4.801450967788696289e-01
3.991194367408752441e-01
3.656556606292724609e-01
3.332391083240509033e-01
3.154786825180053711e-01
3.156638741493225098e-01
3.096529543399810791e-01
2.887289226055145264e-01
2.607702612876892090e-01
2.271576821804046631e-01
1.558161973953247070e-01
-8.616232872009277344e-02
7.503416389226913452e-02
