0.0000000000 0.0000000000 0.0000000000 0.0000000000 
-0.0001667757 -0.0002412495 -0.0033326371 -0.0047622759 
-0.0002167644 -0.0002791770 0.0023331213 0.0040103927 
0.0200682518 0.0291368447 0.4030050050 0.5766069512 
0.0657945997 0.0911886602 0.5107791621 0.6485821461 
0.1089066100 0.1365869352 0.3510020664 0.2483607169 
0.1257071324 0.1249526432 -0.0148787198 -0.4780909170 
0.0996493256 0.0340834031 -0.5053374893 -1.3171136346 
0.0233238936 -0.1341689665 -1.0186643416 -2.0033475410 
-0.0996226406 -0.3501199656 -1.4366431460 -2.2558418222 
-0.2553228389 -0.5622407230 -1.6752449632 -1.9335637858 
-0.4255017293 -0.7170148118 -1.7286482771 -1.1318208896 
-0.5930836559 -0.7757943000 -1.6236697888 -0.0353926030 
-0.7414281635 -0.7147531568 -1.3422873989 1.2492720372 
-0.8483126367 -0.5142191316 -0.7928669941 2.7407352154 
-0.8813479914 -0.1497993740 0.1307448618 4.4902970218 
-0.8091219303 0.3840287923 1.2933041431 6.0162732040 
-0.6391089235 0.9952667188 2.0877396747 6.0042581246 
-0.4272464784 1.5313226095 2.1602984669 4.6735210030 
-0.2318102977 1.9306003855 1.7605635504 3.3634369836 
-0.0823835816 2.2201966199 1.2326071525 2.4923390377 
0.0210514170 2.4350326063 0.8374000672 1.8541828110 
0.0881810697 2.5964103309 0.5049725422 1.4132086824 
0.1238532368 2.7222702402 0.2076864555 1.1364125131 
0.1320178266 2.8261560980 -0.0453141606 0.9684587855 
0.1179553739 2.9162279482 -0.2368435663 0.8564847755 
0.0886676434 2.9957821519 -0.3497568892 0.7552191714 
0.0527712671 3.0638912614 -0.3689159157 0.6245380173 
0.0203379259 3.1156017284 -0.2803350999 0.4230538460 
0.0028631653 3.1413886070 -0.0694656989 0.0994686209 
0.0027857020 3.1413812894 0.0679123991 -0.0995491109 
