0.0000000000 0.0000000000 0.0000000000 0.0000000000 
-0.0002045738 -0.0002959265 -0.0040879477 -0.0058416004 
-0.0012525447 -0.0017696933 -0.0168541378 -0.0232545296 
0.0175887659 0.0257783066 0.3933411826 0.5669896205 
0.0627358632 0.0876901099 0.5088580227 0.6554233216 
0.1059257420 0.1343873873 0.3544630803 0.2671562126 
0.1232215239 0.1249509269 -0.0084531825 -0.4534464217 
0.0978477019 0.0365497568 -0.4981144054 -1.2930140954 
0.0221775101 -0.1296247439 -1.0128322102 -1.9865224137 
-0.1003455449 -0.3445053391 -1.4340174151 -2.2515409975 
-0.2559534746 -0.5568338822 -1.6759735369 -1.9417606233 
-0.4263044478 -0.7128535545 -1.7313215249 -1.1481048109 
-0.5941895536 -0.7734707526 -1.6270707055 -0.0555461302 
-0.7429145906 -0.7145487502 -1.3465332998 1.2272529514 
-0.8503286363 -0.5163188274 -0.7992288647 2.7169100380 
-0.8841435168 -0.1543558892 0.1216376903 4.4657902976 
-0.8127619524 0.3775082540 1.2857735862 6.0030219709 
-0.6430587753 0.9885768450 2.0887657381 6.0129772018 
-0.4307259844 1.5259097640 2.1684833405 4.6886280928 
-0.2343511574 1.9264989973 1.7712332624 3.3741285824 
-0.0839654299 2.2169825041 1.2411717779 2.4995561874 
0.0202012067 2.4324540583 0.8434899410 1.8598384733 
0.0878545982 2.5943239264 0.5093666099 1.4175165342 
0.1238927318 2.7205655751 0.2106138140 1.1398408997 
0.1322811431 2.8247705305 -0.0437660253 0.9715005613 
0.1183093312 2.9151430380 -0.2365810945 0.8595384425 
0.0889955827 2.9950067794 -0.3505424873 0.7584378637 
0.0529964738 3.0634249221 -0.3701878589 0.6275787358 
0.0204439427 3.1154012141 -0.2814496423 0.4253971035 
0.0028927393 3.1413616259 -0.0698819779 0.1006410075 
0.0028306639 3.1413879161 0.0686360050 -0.1000400394 
