0.0,	0.8459739040373409,	3.83391500571904e-08,	-89430.80966334336,	0
0.0001,	0.8410853972609025,	0.08929074836418717,	-89849.37898331841,	10735.109376492577
0.0002,	0.8563208271572438,	0.15883004781575896,	-91045.64641517187,	20041.730094591523
0.0003,	0.8648916054990918,	0.21847589546687088,	-93817.16008227835,	29854.76720534816
0.0004,	0.8956065450020452,	0.33641834983697083,	-98582.10901678247,	46328.546992581345
0.0005,	0.9267465923181978,	0.38403380294712836,	-105629.9777528856,	52904.649605851766
0.0006,	1.0606644279213557,	0.42192609317469115,	-132370.5526302456,	70079.83771932885
0.0007,	1.0806987286379925,	0.433852234410442,	-131435.25312371814,	82317.70404091684
0.0008,	1.1433837573761123,	0.5217204850130431,	-142703.5337230537,	88132.519124802
0.0009,	1.0806510229404906,	0.4783465405495447,	-132114.06509285537,	74576.51781470932
0.001,	1.32120002648306,	0.638528112238242,	-177677.2137710679,	132587.76349480532
