0.000000000000000000e+00 3.141592653589793116e+00 0.000000000000000000e+00 0.000000000000000000e+00
5.837840332835675383e-02 -3.057171085606141148e+00 1.166278190912523716e+00 1.665051088577167437e+00
2.127053765812809694e-01 -2.846723039643271669e+00 1.916105162610491686e+00 2.481822274419376750e+00
3.889379983689598141e-01 -2.645463655392980229e+00 1.608022360490566571e+00 1.504595480112044026e+00
5.283091720360664212e-01 -2.558625933767867622e+00 1.180153327511425321e+00 2.201587433943692496e-01
6.255643049862329441e-01 -2.601361791621640052e+00 7.645405680179702124e-01 -1.068936867796357770e+00
6.426835046154568687e-01 -2.818510580381431652e+00 -4.250354763527177671e-01 -3.256981681532317374e+00
5.406145201058119021e-01 3.039836734947034991e+00 -1.608088340483328604e+00 -5.141453020665142759e+00
3.248604248488451418e-01 2.469194353224551719e+00 -2.682090617340788352e+00 -6.061266049571251813e+00
4.561432494473915966e-02 1.907012653256160206e+00 -2.902394901657167292e+00 -5.080422895370872993e+00
-2.397917396582092131e-01 1.470595283252329466e+00 -2.818811084820722179e+00 -3.646678126748368776e+00
-4.651883418727909003e-01 1.158698379319443639e+00 -1.695293801125222322e+00 -2.692757159297448410e+00
-5.794127750964133128e-01 9.139771005011629867e-01 -5.897736240632376337e-01 -2.289640564117094268e+00
-6.059812531628718801e-01 7.069820051883048961e-01 5.841642068403829491e-02 -1.909078260971078578e+00
-5.683361879182240450e-01 5.220512956799927551e-01 6.959534791975828805e-01 -1.844818589207740445e+00
-4.823394988554929874e-01 3.481534979351135206e-01 1.025201503796788982e+00 -1.678987901038728969e+00
-3.776405068666450759e-01 1.981233081912043836e-01 1.069835139112419675e+00 -1.358633413556855851e+00
-2.756351516032991000e-01 8.063739566475103260e-02 9.713394213777625241e-01 -1.020528513208362575e+00
-2.130394219726410299e-01 3.308018960611303072e-02 2.810405860578338855e-01 5.734043841926195206e-02
-1.713770068526137003e-01 2.127738641705878564e-02 5.523428919979649354e-01 -2.963672623052605593e-01
-1.100305817429538813e-01 -1.657681818164302712e-02 6.750247472876198529e-01 -4.704914116034274452e-01
-8.762200986680968029e-02 8.341576923487359352e-04 -2.270320179759766077e-01 8.228169906057264393e-01
-7.259488857018903119e-02 2.926073563796949273e-02 5.272088216100967450e-01 -2.464265151505088403e-01
-9.123322151302293292e-03 -9.769768621171959211e-03 7.426752431503412799e-01 -5.442421860098181075e-01
2.364907956165529512e-02 -4.741442261598560748e-03 -8.726197659319590016e-02 6.457090638705360597e-01
4.729429994103817592e-02 1.307378774129297483e-02 5.599376900800553392e-01 -2.844412844441265298e-01
1.133983703191301373e-01 -3.007929240813123073e-02 7.626357275806776581e-01 -5.896955479336998263e-01
1.403923734641421284e-01 -1.970727211201639406e-02 -2.228565799237437473e-01 7.994038985311993084e-01
1.577503380544693634e-01 1.985493153449979786e-03 5.697498814090067309e-01 -3.595731026054220791e-01
2.227391441912773828e-01 -4.655921542351437736e-02 7.305742732264188799e-01 -6.237710616345142345e-01
2.409133276432386950e-01 -3.262550836148081501e-02 -3.672433695377745888e-01 0.056729047362757079e-01
