0.000000000000000000e+00
-1.043250465393066406e+01
-1.029193878173828125e+01
-2.990085840225219727e+00
2.156550645828247070e+00
9.373823165893554688e+00
1.181850814819335938e+01
1.185952091217041016e+01
1.194400596618652344e+01
6.523621559143066406e+00
-3.703451156616210938e+00
-9.787066459655761719e+00
-8.868005752563476562e+00
3.359163284301757812e+00
-4.630738258361816406e+00
-3.607833862304687500e+00
-2.179269313812255859e+00
-9.190099239349365234e-01
-5.024142861366271973e-01
8.609955757856369019e-02
7.351639270782470703e-01
7.914085388183593750e-01
-1.137362003326416016e+00
-1.015752696990966797e+01
2.079397916793823242e+00
1.326910495758056641e+00
-4.683291539549827576e-02
-6.323231011629104614e-02
-1.125471740961074829e-01
-9.385609626770019531e-02
-3.521086275577545166e-02
