0.0,	0.028308549047392703,	0,	-1888.2297494061456,	0.00020879784524408155
0.05,	0.10870889154628596,	0.07104660586981335,	-1908.4442762598285,	6.441702539827637
0.1,	0.20641880126656356,	0.13554954517461093,	-1970.1574983530954,	23.271067738612334
0.15,	0.31812484875623936,	0.2165971129651449,	-2074.45330664828,	49.71789415599209
0.2,	0.39677274415789027,	0.2752300308432137,	-2212.804833376825,	92.19562652239367
0.25,	0.5116274747049632,	0.34655551333497153,	-2401.6573624075263,	130.13303259240237
0.3,	0.6765591037214794,	0.4470387887897378,	-2610.764467922568,	193.09616889667623
0.35,	0.6819047755481747,	0.46549498087340135,	-2890.318824952328,	256.4288317275656
0.4,	0.8407271185488121,	0.557521036466703,	-3211.520596031237,	406.22907374956156
0.45,	0.911509515710137,	0.6691346302178458,	-3585.4334073797677,	522.0705408234097
0.5,	1.01265948742512,	0.6889838478927509,	-4000.2095099603057,	631.5388923378495
0.55,	1.0995312239015953,	0.7305289410896766,	-4470.033508705708,	781.7812283695682
0.6,	1.265001341795375,	0.8584990708039181,	-4909.052602193487,	897.1407728343501
0.65,	1.314386329410565,	0.8776390113814224,	-5335.196560996701,	1038.8062524144868
0.7,	1.4447664152114092,	1.0060849103447609,	-5954.747731390084,	1128.6583570607404
0.75,	1.4991367130090572,	0.9961296088859362,	-6518.289362595703,	1294.6049739834884
0.8,	1.7189564685604095,	0.9975783627229785,	-7171.235081728611,	1389.3686260521524
0.85,	1.8703165610562604,	1.2241679699904338,	-7735.897652674906,	1630.3321488518468
0.9,	2.0749934149507197,	1.311242721006974,	-8495.208865358889,	1666.1021047428205
0.95,	2.0818832944138905,	1.3365909885641305,	-9152.225621099093,	1809.8484996971283
1.0,	2.211276855359481,	1.335918102514879,	-9932.599318227974,	2000.3594939587558
