0.000000000000000000e+00 2.941592653589792938e+00 0.000000000000000000e+00 0.000000000000000000e+00
-5.751845618574114027e-02 2.874331574069779016e+00 -1.148870660057113913e+00 -1.322740384509471845e+00
-2.122445250327116284e-01 2.709095813612385939e+00 -1.942359319017455288e+00 -1.929847040967126670e+00
-4.106781635157563670e-01 2.544641329481050818e+00 -2.025680555518551085e+00 -1.323077044538944591e+00
-6.076921229994400875e-01 2.461365543326853533e+00 -1.915152426715209355e+00 -3.286933589503444608e-01
-7.613198403704521944e-01 2.516696218382465489e+00 -1.156214355626463242e+00 1.432366936836785065e+00
-8.175085024393755617e-01 2.771640768476331118e+00 3.669375831023025114e-02 3.653702803356426276e+00
-7.539443092937494484e-01 -3.044950676518788590e+00 1.224990862575367601e+00 5.573479726232834608e+00
-5.769661048650749358e-01 -2.432663651537438909e+00 2.286159401983500317e+00 6.444825129439131217e+00
-3.579693841088236184e-01 -1.852975266651946562e+00 2.098983047025050563e+00 5.099615355548856144e+00
-1.454272404392513707e-01 -1.413507716482516940e+00 2.165278941219847209e+00 3.677359133747635678e+00
3.464434294117424429e-02 -1.100671679546735504e+00 1.442916830640383896e+00 2.653083200579766654e+00
1.430871053579689800e-01 -8.689524539634643219e-01 7.276194971277090140e-01 2.045415740166931506e+00
1.828293166454040275e-01 -6.826247710151740478e-01 6.678981580835463561e-02 1.735340359228573215e+00
1.647067587994817117e-01 -5.218602285169087196e-01 -4.301809871625131843e-01 1.524488789821085266e+00
1.074650178443121717e-01 -3.836537619515159037e-01 -7.155674345271912928e-01 1.275308297480059583e+00
2.566948754775921770e-02 -2.661764919038578370e-01 -9.213776932455752799e-01 1.104622427738938484e+00
-7.033357087420233356e-02 -1.666874247627525563e-01 -9.996359046538799698e-01 9.105483828521016010e-01
-1.695726260391445805e-01 -8.659652544356610804e-02 -9.859817974892925996e-01 7.117748884972856516e-01
-2.669949797065989117e-01 -2.174425541328162126e-02 -9.631965688648598256e-01 6.020595067696025149e-01
-3.602292942470146642e-01 3.375056092777484196e-02 -9.021331014179525543e-01 5.222694621955943362e-01
-4.413999661780021455e-01 7.629700381825266220e-02 -7.217945485735640654e-01 3.398801102293045329e-01
-5.134640280645261790e-01 1.164636250642203663e-01 -7.199359407372387665e-01 4.737653586752447188e-01
-5.623949563139496455e-01 1.395220040069098388e-01 -2.590116632459924517e-01 -6.065092583639519752e-03
-5.679573690229418048e-01 1.191549381116558948e-01 1.480277211811585336e-01 -4.066921204469088891e-01
-5.523354863817857563e-01 8.495059510181945939e-02 1.647978477065316916e-01 -2.862649638592113521e-01
-5.329787125009266546e-01 5.755744708791254993e-02 2.226580084046193009e-01 -2.687279017692754679e-01
-5.118442441600290493e-01 3.589736856401870568e-02 2.002846219557113949e-01 -1.701176886479509598e-01
-4.906742876174878809e-01 1.939671708253598581e-02 2.233088565034949957e-01 -1.641857894810053453e-01
-4.704981726312644774e-01 7.187194831351106927e-03 1.803586416134660420e-01 -8.320237109140352083e-02
-7.033357087420233356e-02 -1.236157146202288004e-03 1.862146707904545062e-01 -8.745238960617339463e-02
