0.000000000000000000e+00
7.564145088195800781e+00
4.198707580566406250e+00
3.615057706832885742e+00
4.851749897003173828e+00
3.797397375106811523e+00
3.789192438125610352e+00
3.188652038574218750e+00
2.426925659179687500e+00
1.753042578697204590e+00
1.446460723876953125e+00
9.721984863281250000e-01
1.055579066276550293e+00
5.901593565940856934e-01
1.148842096328735352e+00
5.686984658241271973e-01
1.250101208686828613e+00
5.758697986602783203e-01
6.703256368637084961e-01
7.166861295700073242e-01
7.407692074775695801e-01
7.548599839210510254e-01
7.648813724517822266e-01
8.489429354667663574e-01
7.503035068511962891e-01
8.035483956336975098e-01
7.869904637336730957e-01
8.301142454147338867e-01
7.525854110717773438e-01
8.741373419761657715e-01
7.393687963485717773e-01
