0.000000000000000000e+00 3.141592653589793116e+00 0.000000000000000000e+00 0.000000000000000000e+00
-5.837840332835675383e-02 3.057171085606141148e+00 -1.166278190912523716e+00 -1.665051088577166993e+00
-2.234774112869208906e-01 2.831362418997439789e+00 -2.130650772548610128e+00 -2.781092725639939367e+00
-4.439575922505376582e-01 2.571252598345909135e+00 -2.276252618632394586e+00 -2.358229547033291240e+00
-6.343292550970649479e-01 2.421840371414387683e+00 -1.534112655215098320e+00 -6.212284770093567943e-01
-7.628036466728724818e-01 2.434745775367288090e+00 -1.035136834773092929e+00 8.782319421015469807e-01
-8.073460772946434716e-01 2.634719147457454724e+00 1.494066216367102573e-01 3.121028572559375380e+00
-7.321037660941773773e-01 3.055157994526158660e+00 1.352833118291510539e+00 5.224248799311206781e+00
-5.398177203762521970e-01 -2.630678710863164405e+00 2.465735935020586744e+00 6.516623305601458860e+00
-2.876331680167774074e-01 -2.019840995131907846e+00 2.571999075113560629e+00 5.583841615452373119e+00
-4.145806786369465868e-02 -1.534550014012716623e+00 2.365119226282504261e+00 4.125931927822582779e+00
1.782977348812528895e-01 -1.188710542368117018e+00 2.040242112048750389e+00 2.832253264859326158e+00
3.379801758749150231e-01 -9.401091110252899341e-01 1.155477163347056191e+00 2.215516377192018105e+00
4.021109695627318459e-01 -7.247402504696633940e-01 1.254995282403712498e-01 2.169514811152630340e+00
3.918370672507851538e-01 -5.251045741619222440e-01 -3.316229000014059292e-01 1.876492225655007839e+00
3.389329710590724964e-01 -3.437695585438014234e-01 -7.279166570210001685e-01 1.799514198174791302e+00
2.790393101686188260e-01 -2.024700582604914700e-01 -4.704487458051199722e-01 1.057853060177149196e+00
2.387148733936363953e-01 -1.186118281414323405e-01 -3.367967393519378794e-01 6.401463549932426833e-01
2.028400536752430483e-01 -5.843737786503311327e-02 -3.813810313180439060e-01 5.789520611692866581e-01
1.752713264173442198e-01 -1.904737877602968865e-02 -1.704413329318610337e-01 2.190804373120960880e-01
1.603646138774736940e-01 -1.166109837296147589e-03 -1.279046824607884825e-01 1.432143565475554048e-01
1.498240097027938589e-01 1.007970455057005665e-02 -8.304147469232364687e-02 8.464522908673949297e-02
1.435676169553126158e-01 1.644543334030856840e-02 -4.216261379358599015e-02 4.433855833089057896e-02
1.412152757232623124e-01 1.941923356380925725e-02 -4.920121944243252554e-03 1.592068375844896133e-02
1.424465974685298342e-01 1.990773301821846530e-02 2.954016756341649313e-02 -6.015956827668159090e-03
1.469081786024823977e-01 1.850522483528393991e-02 5.970754558818028301e-02 -2.239307317965516866e-02
1.538078751115694587e-01 1.618101473491861952e-02 7.831365787692326497e-02 -2.469430765241852760e-02
1.624166506235837915e-01 1.367672477230641448e-02 9.389129049736072430e-02 -2.604180126038684734e-02
1.724109201852463968e-01 1.110766022615727877e-02 1.060243512571149294e-01 -2.600710490330862198e-02
1.834500889050945105e-01 8.604932471662607441e-03 1.147885357665787004e-01 -2.469826415528757896e-02
1.952172411368362503e-01 6.274246861915244722e-03 1.205820264266385389e-01 -2.252185792037101481e-02
