0.000000000000000000e+00
1.199997520446777344e+01
8.933954238891601562e+00
1.259218454360961914e+00
1.497295022010803223e+00
2.398977041244506836e+00
-1.174604129791259766e+01
-1.200000000000000000e+01
-1.200000000000000000e+01
-9.645213127136230469e+00
-6.404969215393066406e+00
4.518433570861816406e+00
1.199999809265136719e+01
-2.472512960433959961e+00
-4.766295909881591797e+00
9.785403251647949219e+00
-7.830372810363769531e+00
2.493273258209228516e+00
1.151417255401611328e+00
-5.067735165357589722e-02
6.570252180099487305e-01
1.222386479377746582e+00
1.023524403572082520e+00
8.778778910636901855e-01
1.036259531974792480e+00
1.145815551280975342e-01
2.115052789449691772e-01
5.208172649145126343e-02
8.358879387378692627e-02
3.546623885631561279e-01
8.437938094139099121e-01
