0.0,	9.618369589049605,	1.3579293114528559e-06,	-10098.656408584091,	0
0.004,	2.415054828078229,	1.9158138073881552,	-6986.266836283067,	1061.7229894829186
0.008,	2.6201999494478274,	1.6862374350654437,	-7012.160716536747,	1316.451706757305
0.012,	2.943056183661448,	1.8402714093552432,	-6989.565069955014,	1486.405530656523
0.016,	3.3351648059462566,	1.9281629072271569,	-7147.042297170849,	1598.257957532382
0.02,	3.5382859868329444,	1.8514660988762492,	-7662.908609910955,	1815.7135455535054
0.024,	3.9240591985794167,	1.930192897870975,	-7787.122329883459,	1886.9687226017825
0.028,	4.342541276810559,	2.0760042853287,	-8600.783095157865,	2200.212201657266
0.032,	4.2421548136052465,	1.9040635634930192,	-8767.747087088972,	1994.2698538005898
0.036,	4.612447603189491,	2.1211980631935816,	-9102.678875315853,	2156.632260855675
0.04,	4.883905963477622,	2.25426624080624,	-9632.901887650085,	2336.5094556472886
