0.0,	0.18154494098178586,	2.3961968785744e-09,	-19431.090156942617,	0.0008883363181483768
0.0001,	0.2535942353653858,	0.07676153959874582,	-19322.296738563553,	1558.9361050106577
0.0002,	0.25359451484956724,	0.08285993981802942,	-19631.07925226306,	2385.1684571814267
0.0003,	0.29287919925613753,	0.11629133787795548,	-21203.26141817199,	4128.814251441843
0.0004,	0.3104755003710547,	0.11340562506684719,	-23756.993787681604,	6859.8098748383345
0.0005,	0.3104663890897647,	0.15021031387495545,	-23542.080398380975,	7494.3217244056295
0.0006,	0.3843507403806934,	0.2346767647412811,	-31001.071428370484,	19859.92914050799
0.0007,	0.4317054831631124,	0.28158335044470073,	-38355.51811718856,	22359.799640868943
0.0008,	0.45730058730702156,	0.3329355145762428,	-43463.36930774027,	26166.58038141345
0.0009,	0.6367856337040927,	0.4421719483123384,	-54628.57062217017,	34305.43934472383
0.001,	0.7121263917942067,	0.4441267412982849,	-69881.66621926452,	61778.82382407061
