0.000000000000000000e+00
-1.200000000000000000e+01
-9.941146850585937500e+00
-1.787250757217407227e+00
5.983779430389404297e-01
9.385103225708007812e+00
8.263380050659179688e+00
1.200000000000000000e+01
5.889280796051025391e+00
1.197217178344726562e+01
9.030320644378662109e-01
-3.137533366680145264e-01
-8.482952117919921875e+00
-8.075990676879882812e+00
-7.292791366577148438e+00
-5.441640377044677734e+00
-3.210475444793701172e+00
-2.348384380340576172e+00
-3.031621932983398438e+00
-1.431990385055541992e+00
-3.520497381687164307e-01
2.460563778877258301e-01
2.244501590728759766e+00
6.765338182449340820e-01
4.738763332366943359e+00
3.984606266021728516e+00
4.136178970336914062e+00
-1.593530416488647461e+00
1.905778527259826660e+00
-1.224614620208740234e+00
1.439555406570434570e+00
