0.0,	0.16000456093051021,	9.245475939863697e-09,	-1919.5213174554424,	0
0.05,	0.18712307196397654,	0.06894322521152582,	-1942.4913652860967,	13.921735314099406
0.1,	0.26043421342123685,	0.13371568888734078,	-2007.6676534132039,	32.581643385715665
0.15,	0.35965999151886957,	0.21002537695907103,	-2111.1486455265976,	63.49210887442386
0.2,	0.44654068108675454,	0.2866393556271459,	-2250.3934038599286,	92.72867613924498
0.25,	0.5142859930332676,	0.3228178639782035,	-2437.615759996844,	143.5287577040068
0.3,	0.5878145114002765,	0.3991151193448732,	-2645.144749897243,	198.69868095794246
0.35,	0.6966693648792652,	0.457259930492331,	-2944.0259694341344,	294.7777899481172
0.4,	0.7915107180294355,	0.514652124909618,	-3199.682728614417,	348.7549824769735
0.45,	0.8750044562309318,	0.5918142757917713,	-3546.1298999115475,	434.90458435064573
0.5,	1.0121963258616764,	0.6704229917960431,	-3907.2884272627284,	540.3414845052008
0.55,	1.1953728538413118,	0.7769722523889161,	-4390.792754659266,	647.9213055905346
0.6,	1.2659675070094922,	0.8175877126887146,	-4800.332463766497,	773.8552359419425
0.65,	1.36955142559692,	0.9054960344364384,	-5285.257655039387,	973.892713897218
0.7,	1.4891077998650415,	0.9901603328096473,	-5784.0157600300945,	1067.8188795147623
0.75,	1.6191377717927802,	1.1187572879308034,	-6377.736180215251,	1133.2568639420952
0.8,	1.8330566819217444,	1.2062780044074324,	-6953.707669073183,	1316.908315028994
0.85,	1.647998525333212,	1.1343453068400606,	-7438.386811761524,	1488.864929340149
0.9,	1.929339052002811,	1.2116464734032222,	-8397.197017807817,	1709.4448716431898
0.95,	1.9900753903933628,	1.514437064789395,	-8912.658781874445,	1958.7512453572692
1.0,	2.1456259228173615,	1.5085652436567303,	-9754.779295645265,	2098.604927941483
