0.0,	0.5894679443829964,	9.923286089219514e-08,	-4333.179168686285,	0.0005188716188926029
0.05,	0.6373945158438388,	0.20550439697969783,	-4346.060087623816,	66.16836808033189
0.1,	0.6980863662580401,	0.30296433646388005,	-4382.828240631567,	131.12062536087242
0.15,	0.8898966825270133,	0.6764983979691698,	-4514.372806385205,	443.6253747017982
0.2,	1.1225645473981478,	0.9493873350882803,	-4700.871537567691,	694.3526499542297
0.25,	1.3535341534966085,	1.149044665267137,	-5003.77687617319,	1044.2929550006904
0.3,	1.4787803805578617,	1.0921071655045262,	-5174.044974755524,	1126.1741844923679
0.35,	1.8145087250431076,	1.3998542118606436,	-5712.5670851771665,	1558.275525830164
0.4,	2.0140132484795883,	1.4540107052792306,	-6037.693926007324,	1754.6564094454686
0.45,	2.390209620171267,	1.6989647263093035,	-6571.33753559331,	1903.098689928349
0.5,	2.738642469102196,	1.8383971973137057,	-6789.33036367079,	1986.090068509689
0.55,	3.080824804959283,	1.9780453416386516,	-7311.800353122077,	2135.0675995541696
0.6,	3.378401000067496,	2.0072936348547836,	-7686.695106818142,	2167.254937931441
0.65,	3.5472698811530847,	2.083413639689316,	-8174.02641001628,	2454.4227390230412
0.7,	3.9234621471207727,	2.219621843611024,	-8561.847446754402,	2274.2284702302372
0.75,	4.034075011901887,	2.2310363563009656,	-9099.302520781283,	2461.945650114241
0.8,	4.424129106498676,	2.319019812177837,	-9722.556741828657,	2721.3771339274076
0.85,	4.742618418615055,	2.465974665891145,	-10550.23752374794,	3957.1875900098235
0.9,	5.251197221421279,	2.558687518854453,	-10800.052933241333,	3435.3644563205985
0.95,	5.190264224687933,	2.39708843029118,	-11167.377187042715,	3969.77852812838
1.0,	5.542434872188302,	2.908072098225611,	-11776.778729264863,	4287.166783964059
