0.0,	3.0345862686966942,	2.90882519110961e-07,	-5575.251010043247,	0
0.05,	2.9769987281955967,	0.35550677890845445,	-5217.565772764028,	157.5623781027195
0.1,	3.0427952437742976,	0.7383822240893257,	-5083.146327698663,	539.5810575574711
0.15,	2.9749953006293244,	1.0932112281879176,	-4733.61829970474,	780.3672355019263
0.2,	2.8553571834396494,	1.2380409071556018,	-4439.209104830687,	873.7587967813628
0.25,	2.839170896204652,	1.2206883805668256,	-4625.509594424891,	967.5305620218898
0.3,	2.945728800930793,	1.3954726137951612,	-5010.274466664413,	1192.7987969661879
0.35,	3.1355564339114053,	1.5921828906594848,	-5564.840519684404,	1277.4484831798045
0.4,	3.1690023226349746,	1.7264699379214055,	-6304.75179146549,	1639.069503012831
0.45,	3.5592649948148574,	1.9672712931513605,	-7240.300595979519,	1847.0657952817173
0.5,	3.843117970827029,	2.2740557630935174,	-8155.340600968643,	2295.3782696965523
0.55,	4.199366047509369,	2.4798011421183506,	-9467.226202329244,	2683.0924272205802
0.6,	4.326054573313427,	2.7395861398989516,	-10674.459343830724,	3338.441608023783
0.65,	4.357713704045547,	2.805712988106874,	-12118.271550949663,	4309.119103384321
0.7,	4.649319412444818,	2.9914509541180285,	-14055.651168006283,	5368.082486048845
0.75,	5.307446146143684,	3.6742110214119936,	-15214.809034689437,	5265.020468594675
0.8,	5.415228029261467,	3.459869668628511,	-17875.823060241117,	7418.837386278721
0.85,	5.750371882253656,	3.7308737611990317,	-20290.005460004693,	8483.78272005845
0.9,	6.565390936161696,	4.916325547015816,	-22387.71592004371,	10137.453162293526
0.95,	6.992515048086614,	4.90237133240161,	-24661.591497714962,	9977.05947280246
1.0,	6.794278402736796,	4.940057892908943,	-27304.593091319377,	13330.430161373475
