0.0,	1.3323891472955451,	nan,	-5068.707075659738,	0
0.02,	1.3737373427999244,	0.16290218214039143,	-5099.596008545063,	217.64445681774149
0.04,	1.4863499448563475,	0.4580501737968941,	-5192.286641797512,	541.0728386610232
0.06,	1.59413423496146,	0.7421745806138264,	-5461.1900073831985,	965.1723297627341
0.08,	1.6934892359745808,	0.8849861983215811,	-5643.953088888551,	1187.6949569020856
0.1,	1.8120451970122589,	0.9059784719297933,	-5865.210232450648,	1337.3551127178227
0.12,	2.0747258263735664,	1.2154948604773281,	-6182.405849545885,	1468.5160687261916
0.14,	2.351862090693385,	1.3871429763872265,	-6402.270274676451,	1481.1478854186491
0.16,	2.73836154796448,	1.6362561436212333,	-6744.390914846729,	1595.9270177605345
0.18,	2.987290976305392,	1.800301260108597,	-6983.2964953136925,	1617.7076999980318
0.2,	3.2783917830518647,	1.912118896244689,	-7266.625068025056,	1660.0208563963201
