3.141592653589793116e+00 0.000000000000000000e+00
-2.900986195795486111e+00 2.406064577943064275e+00
-2.533663419068225231e+00 3.673227767272614575e+00
-2.117741570781764615e+00 4.159218482864609712e+00
-1.730572834341435495e+00 3.871687364403294751e+00
-1.396110696185630218e+00 3.344621381558061657e+00
-1.105747227623339768e+00 2.903634685622888956e+00
-8.641836974504517599e-01 2.415635301728889850e+00
-6.711169898599145256e-01 1.930667075905379004e+00
-5.201274189514641932e-01 1.509895709084496884e+00
-4.174653207257481569e-01 1.026620982257160142e+00
-3.399295110669680042e-01 7.753580965878048570e-01
-2.641572810016192818e-01 7.577223006534761218e-01
-1.962171526934177734e-01 6.794012830820295168e-01
-1.446336290569938399e-01 5.158352363642400018e-01
-1.098604213737583990e-01 3.477320768323483025e-01
-8.219803064496744582e-02 2.766239072879124739e-01
-6.011587191239087247e-02 2.208215873257721173e-01
-4.277640793978676470e-02 1.733946397260224259e-01
-2.973183053549988131e-02 1.304457740428843215e-01
-2.013286959400772957e-02 9.598960941491477272e-02
-1.315351867869374303e-02 6.979350915314258552e-02
-7.969779531176612863e-03 5.183739147517144735e-02
-3.707218896369823824e-03 4.262560634806284582e-02
1.097402049037299321e-04 3.816959101274507854e-02
3.636772558607503925e-03 3.527032353702881651e-02
6.930899153466896223e-03 3.294126594859282664e-02
1.001842407784891975e-02 3.087524924383958785e-02
1.186915716703751400e-02 1.850733089188199426e-02
1.137264507499935462e-02 -4.965120920400665355e-03
8.760984587171449789e-03 -2.611660487827051694e-02
