0.000000000000000000e+00
6.279828548431396484e+00
4.716722965240478516e+00
4.437342166900634766e+00
3.854910612106323242e+00
3.854050874710083008e+00
4.013838768005371094e+00
3.400771856307983398e+00
2.706370353698730469e+00
2.145082235336303711e+00
1.327381968498229980e+00
1.435572504997253418e+00
1.666934609413146973e+00
1.152029633522033691e+00
5.973138809204101562e-01
3.197914063930511475e-01
3.869629502296447754e-01
2.847458124160766602e-01
1.929886043071746826e-01
1.149972230195999146e-01
6.892713159322738647e-02
3.997219353914260864e-02
2.463003247976303101e-02
2.023233473300933838e-02
1.081622764468193054e-02
-4.288404714316129684e-03
-2.039013803005218506e-02
-3.609396517276763916e-02
-7.833229005336761475e-02
-1.176292151212692261e-01
-1.114835068583488464e-01
