3.141592653589793116e+00 0.000000000000000000e+00
-2.899723417728902852e+00 2.418692358608903969e+00
-2.529821384998206746e+00 3.699020327306958844e+00
-2.150843594236540923e+00 3.789777907616661778e+00
-1.783357180231082140e+00 3.674864140054587391e+00
-1.449226977256883764e+00 3.341302029741985979e+00
-1.156788585204374442e+00 2.924383920525102987e+00
-9.183576729144213857e-01 2.384309122899526123e+00
-7.200972781165386749e-01 1.982603947978825776e+00
-5.636320352750185947e-01 1.564652428415199692e+00
-4.475585158203685410e-01 1.160735194546513416e+00
-3.555495896569453862e-01 9.200892616342336572e-01
-2.896690641154222590e-01 6.588052554152200591e-01
-2.418537829761806535e-01 4.781528113924158330e-01
-2.009056277874314844e-01 4.094815518874959093e-01
-1.661927488645531525e-01 3.471287892287784893e-01
-1.367422834071163606e-01 2.945046545743874589e-01
-1.117357657745685628e-01 2.500651763254590487e-01
-9.154945427222926924e-02 2.018631150233902993e-01
-7.580364709071218954e-02 1.574580718151886161e-01
-6.377141848407674729e-02 1.203222860663492738e-01
-5.355355107531778458e-02 1.021786740875836735e-01
-4.450944992666272526e-02 9.044101148655933620e-02
-3.624138779966123991e-02 8.268062127001507555e-02
-2.848095831071795203e-02 7.760429488943490495e-02
-2.119808314495230661e-02 7.282875165765215209e-02
-1.511014366677443377e-02 6.087939478178839431e-02
-1.041219448756436350e-02 4.697949179210220844e-02
-7.016807203726216358e-03 3.395387283837143777e-02
-4.709240161883343490e-03 2.307567041843296834e-02
-3.240570400439679588e-03 1.468669761442602424e-02
