0.0,	0.08524951307867218,	9.622996456448224e-09,	-1896.6398803649938,	4.790151089726296e-05
0.05,	0.14420985360244454,	0.06449497135990741,	-1916.450756324872,	8.652698691710388
0.1,	0.23631020695139465,	0.14240702830251653,	-1975.5606986545138,	23.65629315023165
0.15,	0.3141145950426112,	0.1957746494176736,	-2073.4439759443894,	48.53513220080385
0.2,	0.40839381820898935,	0.2736781698686703,	-2217.1642544696006,	89.13143991041713
0.25,	0.5395368841623314,	0.3665738724097012,	-2394.2250606946623,	130.949705952777
0.3,	0.6094050884364216,	0.41275743119283004,	-2616.1597973925836,	203.96893561810887
0.35,	0.741365933480556,	0.4607010532731296,	-2866.7420734599855,	256.4349966270868
0.4,	0.7400151338643665,	0.5072530837918031,	-3181.374664438951,	337.38371268837227
0.45,	0.9044252038464881,	0.6021981853881395,	-3545.893326574032,	459.34680636502384
0.5,	1.0088540623266546,	0.7082700685825355,	-3904.957386317795,	539.6481771747553
0.55,	1.0668982917436751,	0.7640172797427309,	-4319.89272819037,	630.196283549909
0.6,	1.3112273067058036,	0.8300910222074152,	-4784.151716907616,	750.8728789460874
0.65,	1.4322628730023643,	0.9324223587885134,	-5260.017687333257,	886.6017738891894
0.7,	1.491821171501397,	1.0238404736815607,	-5757.1323334907465,	1071.685066169096
0.75,	1.5078389933014735,	1.068813863913322,	-6407.482962697608,	1185.2559134624362
0.8,	1.6569433843735428,	1.1268900590584041,	-7056.4888422643235,	1329.8377407530068
0.85,	1.8785564028668011,	1.1884207415120422,	-7554.683595184691,	1451.1814656375032
0.9,	1.8757921944278448,	1.198675287581912,	-8124.71285666428,	1645.4108881145387
0.95,	2.1879496086334083,	1.5448129121181235,	-8876.703557853922,	1890.0855819446053
1.0,	2.195632311728855,	1.5162983604650708,	-9625.081267542815,	1950.7667574777895
