0.000000000000000000e+00
-6.121914386749267578e+00
-4.580836772918701172e+00
-4.255338191986083984e+00
-4.187016487121582031e+00
-4.166108608245849609e+00
-3.860851764678955078e+00
-3.136988878250122070e+00
-2.877201795578002930e+00
-2.416518926620483398e+00
-1.762268066406250000e+00
-9.413934350013732910e-01
-4.432539045810699463e-01
-5.937144160270690918e-01
-6.415485739707946777e-01
-7.873587012290954590e-01
-7.838822007179260254e-01
-8.060267567634582520e-01
-6.968699693679809570e-01
-5.799252986907958984e-01
-3.096873685717582703e-02
-1.867753416299819946e-01
-9.824477136135101318e-02
-1.749708652496337891e-01
-1.102385893464088440e-01
-1.509326398372650146e-01
-1.213623881340026855e-01
-1.175744533538818359e-01
-1.180675029754638672e-01
-1.239666268229484558e-01
-1.257765442132949829e-01
