0.0,	0.028308549047392703,	nan,	-1888.2297494061456,	0.00020879784524408155
0.05,	0.9388529377827018,	0.5848114936098501,	-2999.171147484383,	898.4225165790373
0.1,	1.7234401765927208,	1.0287639626278677,	-4465.896283998931,	1220.9502073274798
0.15,	2.207241912992299,	1.2432722382427788,	-5881.948123382133,	1278.7400218497746
0.2,	2.43586762135123,	1.2564396406036282,	-6838.908264220467,	1252.2520022485621
0.25,	2.6487155050693327,	1.3019345649738725,	-7650.4592447209,	1227.8696983160482
0.3,	2.8750138472143347,	1.574635323458274,	-8423.635187652782,	1150.5210282945663
0.35,	3.066227918525209,	1.703698491385629,	-9160.196244093633,	1319.1543287010722
0.4,	3.2907374642584117,	1.7751235175906055,	-9887.67916123643,	1533.0634948998345
0.45,	3.629244941572277,	2.0489089785677823,	-10702.881517432777,	1926.7593109785741
0.5,	3.8122141668594725,	2.2003373108649718,	-11705.022919414758,	2333.1104994219513
0.55,	4.14205875395834,	2.7708458425860987,	-12768.0253708775,	2633.6548743317962
0.6,	4.282971807599518,	2.761149728667354,	-13959.998495361318,	3338.134004250694
0.65,	4.796833555030893,	3.136006782336013,	-15170.113026785213,	3908.0466774920988
0.7,	5.0217236250008135,	3.579171045764079,	-16698.82243760953,	4258.022979267349
0.75,	5.179006803548143,	3.553778227745233,	-18530.278087160114,	5709.007700209024
0.8,	5.856234017215131,	3.8511278921582863,	-20848.75527548524,	7705.118749172222
0.85,	6.073513690878109,	4.040887205358976,	-22660.99231196516,	7559.322291288618
0.9,	6.403747084558481,	4.770731420946128,	-24276.018990974473,	8381.111003291162
0.95,	6.656960122450451,	4.336668169742652,	-26970.893974779858,	13389.72284309731
1.0,	7.427172747999472,	5.503226002263584,	-30451.491493314883,	13217.205936858845
