3.141592653589793116e+00 0.000000000000000000e+00
2.907036546817790779e+00 -2.345561067720025594e+00
2.549633566999064627e+00 -3.574029798187263296e+00
2.147747642271897739e+00 -4.018859247271667989e+00
1.758348104321068028e+00 -3.893995379508295773e+00
1.408882481442718770e+00 -3.494656228783497021e+00
1.110353993822069008e+00 -2.985284876206494964e+00
8.714313863081706302e-01 -2.389226075138978000e+00
6.752397251816439905e-01 -1.961916611265272170e+00
5.114508219407696288e-01 -1.637889032408743839e+00
3.783990223869664327e-01 -1.330517995538029741e+00
2.838042467917838430e-01 -9.459477559518247869e-01
2.284734024914873984e-01 -5.533084430029677758e-01
1.950794970896718716e-01 -3.339390540181532141e-01
1.748140486035487662e-01 -2.026544848612314986e-01
1.578439635883057690e-01 -1.697008501524269464e-01
1.410310278831325981e-01 -1.681293570517357339e-01
1.203963490274455594e-01 -2.063467885568691651e-01
9.642385987957924343e-02 -2.397248914786611618e-01
6.924346535140513126e-02 -2.718039452817432866e-01
5.492052336501496157e-02 -1.432294198639011973e-01
4.430629268483254890e-02 -1.061423068018225169e-01
3.865837348202472157e-02 -5.647919202808093092e-02
3.378628375630254865e-02 -4.872089725721955034e-02
3.122544671593097121e-02 -2.560837040371455320e-02
2.884714320802705956e-02 -2.378303507904077144e-02
2.733058411524069697e-02 -1.516559092786285909e-02
2.650298794531025237e-02 -8.275961699304454702e-03
2.616359220011643671e-02 -3.393957451938586778e-03
2.600391093220144612e-02 -1.596812679151079313e-03
2.591771417762744889e-02 -8.619675457387843999e-04
