0.0,	0.04824225721766353,	3.867660072583259e-09,	-1886.9917880437167,	0
0.05,	0.11437180914208568,	0.07527473620474542,	-1898.7804360867306,	22.641404525322827
0.1,	0.21729291001813508,	0.13774543900370237,	-1935.8637761767504,	46.75527447405656
0.15,	0.3057280699087033,	0.20893713007515444,	-1998.5914038218034,	77.98763117717068
0.2,	0.38774221296615485,	0.26807174899232283,	-2089.176403784991,	117.76050731907935
0.25,	0.5128054804558249,	0.3556207246604861,	-2218.4739699126553,	166.58151141900052
0.3,	0.607052110193124,	0.4171452560514765,	-2355.546801679461,	219.206701853193
0.35,	0.7000103234153603,	0.4829148214287403,	-2503.469230273996,	264.48763935695393
0.4,	0.7930051849021165,	0.5118680360593805,	-2680.0485774657013,	291.5635442178277
0.45,	0.8866095146534925,	0.6156041028037537,	-2903.537714174323,	385.4825940191321
0.5,	1.0775149955978398,	0.8029477201384473,	-3142.0141846544007,	462.1772442733186
0.55,	1.1771957509975837,	0.8023079289873538,	-3423.1114082484232,	599.2793398887947
0.6,	1.1967225930992789,	0.8222588285560279,	-3654.7124908394103,	675.334371446807
0.65,	1.314028986812496,	0.8920312672141251,	-3965.6728615993347,	697.8973223956677
0.7,	1.494365980760341,	1.0315141436097082,	-4260.4608234141915,	821.7135690166832
0.75,	1.5060603057142743,	0.9732281579836006,	-4621.389110929256,	913.7831719273037
0.8,	1.6443830300891171,	1.0598584914526459,	-5002.64579269806,	1093.9032051468641
0.85,	1.9227803174441869,	1.3233311611010596,	-5425.320337798223,	1196.5269509041934
0.9,	2.0260093476978653,	1.4354532967171643,	-5704.122511802818,	1186.1285513227444
0.95,	1.9187162787689436,	1.2644352999183848,	-5930.370454116769,	1293.6392765914393
1.0,	2.2019198299798184,	1.6958807792079182,	-6579.780885585863,	1610.1398652785883
