3.141592653589793116e+00 0.000000000000000000e+00
-2.895787373627845440e+00 2.458052799619478090e+00
-2.522604719529229378e+00 3.731826540986160179e+00
-2.127479401026574735e+00 3.951253185026546877e+00
-1.760118946581987309e+00 3.673604544445870257e+00
-1.424206083904177689e+00 3.359128626778094873e+00
-1.147741872354721693e+00 2.764642115494552854e+00
-9.211517626600596031e-01 2.265901096946630666e+00
-7.349235596196006526e-01 1.862282030404586841e+00
-5.823920645224660575e-01 1.525314950971336625e+00
-4.698620932053447774e-01 1.125299713171218130e+00
-3.857777925337675384e-01 8.408430067157736110e-01
-3.199968093344125464e-01 6.578098319935437033e-01
-2.662672249467821217e-01 5.372958438763123512e-01
-2.213438170606991662e-01 4.492340788608206181e-01
-1.833189829105883462e-01 3.802483415011122525e-01
-1.509025952383602487e-01 3.241638767223016804e-01
-1.228159131534383164e-01 2.808668208492023921e-01
-9.833332885150625202e-02 2.448258430193343271e-01
-7.694085664327410257e-02 2.139247220823145834e-01
-5.822816623377846668e-02 1.871269040949443963e-01
-4.185039885378571967e-02 1.637776737999384058e-01
-2.768000238823020709e-02 1.417039646555479648e-01
-1.558223146983905849e-02 1.209777091839183555e-01
-5.313935519598800283e-03 1.026829595023952824e-01
3.379206899536413289e-03 8.693142419135907462e-02
1.073044583037763289e-02 7.351238930841594299e-02
1.694373578319030571e-02 6.213289952811512640e-02
2.219398166998587385e-02 5.250245886796689465e-02
2.662991619951426969e-02 4.435934529528581804e-02
3.037760421187840620e-02 3.747688012363983856e-02
