3.141592653589793116e+00 0.000000000000000000e+00
-2.898181242319008533e+00 2.434114112707847610e+00
-2.522332559054159873e+00 3.758486832648486597e+00
-2.109868932320203783e+00 4.124636267339560902e+00
-1.725315760579031910e+00 3.845531717411715178e+00
-1.395765914728318791e+00 3.295498458507133410e+00
-1.119646499744284540e+00 2.761194149840342504e+00
-8.921717506313839863e-01 2.274747491129002874e+00
-7.010587756488906308e-01 1.911129749824932889e+00
-5.452466156916351281e-01 1.558121599572543925e+00
-4.280559627616362661e-01 1.171906529299988842e+00
-3.374856726328587797e-01 9.057029012877791940e-01
-2.615087714983488354e-01 7.597690113450938920e-01
-1.993758587998346599e-01 6.213291269851548559e-01
-1.517639463500444208e-01 4.761191244979091630e-01
-1.172270699826096774e-01 3.453687636743348888e-01
-9.321866134727230246e-02 2.400840863533675873e-01
-7.650476482090695640e-02 1.671389652636720569e-01
-6.485016256314679595e-02 1.165460225775928060e-01
-5.671098950449149356e-02 8.139173058655929660e-02
-5.101930334902782249e-02 5.691686155463125674e-02
-4.666183392697043075e-02 4.357469422057706765e-02
-4.316515593831482533e-02 3.496677988656169550e-02
-4.030902602142383273e-02 2.856129916889774134e-02
-3.796110030923571799e-02 2.347925712189402603e-02
-3.602655353799377735e-02 1.934546771241238070e-02
-3.443129645724596344e-02 1.595257080747167558e-02
-3.311542947282575255e-02 1.315866984421278432e-02
-3.202990030020735901e-02 1.085529172618704061e-02
-3.113434752823351914e-02 8.955527719742542928e-03
-3.039551000777684919e-02 7.388375204567716042e-03
