0.0,	0.03723736688993453,	0,	-9824.70693992859,	0.0005208333333333333
0.1,	0.10301092288185507,	0.0466608603123279,	-10071.889931030215,	188.79799152214395
0.2,	0.09155130186114924,	0.044789758928122064,	-10109.372260995744,	191.04118954463155
0.3,	0.07528393635646582,	0.036159419854362836,	-10153.952895757611,	175.48575438397847
0.4,	0.07281342597330377,	0.0366230489029305,	-10260.645896565331,	201.59536411624327
0.5,	0.0593213627254713,	0.03366800369639,	-10394.875380669135,	254.20408666041638
0.6,	0.049787065047985475,	0.028484722374712567,	-10570.51030275662,	299.8839553954302
0.7,	0.041899455540116044,	0.023818233810576607,	-10840.73895296692,	399.2915593732711
0.8,	0.03506188296295878,	0.016472166317390895,	-11113.93954746165,	479.5376999217915
0.9,	0.03431356651120132,	0.015308275103129263,	-11418.169435146505,	580.9458212264262
1.0,	0.03368062568834773,	0.018007680814740672,	-11691.632747698317,	782.6809046040747
