0.000000000000000000e+00 0.000000000000000000e+00
-2.000000000000000000e+01 2.000000000000000000e+01
-2.000000000000000000e+01 2.000000000000000000e+01
-2.000000000000000000e+01 2.000000000000000000e+01
-2.000000000000000000e+01 2.000000000000000000e+01
-2.000000000000000000e+01 2.000000000000000000e+01
-2.000000000000000000e+01 2.000000000000000000e+01
-2.000000000000000000e+01 -1.922071266174316406e+01
-2.000000000000000000e+01 -2.000000000000000000e+01
-2.000000000000000000e+01 -2.000000000000000000e+01
2.000000000000000000e+01 -1.999999809265136719e+01
-1.999975395202636719e+01 -2.000000000000000000e+01
2.000000000000000000e+01 -2.000000000000000000e+01
-2.000000000000000000e+01 -2.000000000000000000e+01
-2.000000000000000000e+01 -2.000000000000000000e+01
1.998623275756835938e+01 -2.000000000000000000e+01
-2.000000000000000000e+01 -2.000000000000000000e+01
-2.000000000000000000e+01 -2.000000000000000000e+01
-2.000000000000000000e+01 -2.000000000000000000e+01
1.999999809265136719e+01 -1.999982643127441406e+01
-2.000000000000000000e+01 -2.000000000000000000e+01
-2.000000000000000000e+01 -2.000000000000000000e+01
-2.000000000000000000e+01 -2.000000000000000000e+01
-1.997671127319335938e+01 -1.978434753417968750e+01
1.791875839233398438e+01 -1.491351032257080078e+01
-2.000000000000000000e+01 -2.000000000000000000e+01
-2.000000000000000000e+01 -2.000000000000000000e+01
-2.000000000000000000e+01 -7.010411262512207031e+00
-8.489581108093261719e+00 6.071990966796875000e+00
4.293159961700439453e+00 -1.967170143127441406e+01
6.049448966979980469e+00 -7.199833393096923828e+00
-2.000000000000000000e+01 -1.999981307983398438e+01
-1.989562416076660156e+01 1.758436393737792969e+01
9.827188491821289062e+00 -1.831696891784667969e+01
3.803037405014038086e+00 -1.464571380615234375e+01
-2.000000000000000000e+01 -1.996601486206054688e+01
8.489126205444335938e+00 1.989495468139648438e+01
9.897769927978515625e+00 -1.712982940673828125e+01
-2.000000000000000000e+01 -1.993210601806640625e+01
-1.999730682373046875e+01 1.992630577087402344e+01
1.363316631317138672e+01 1.091113853454589844e+01
1.918128967285156250e+01 -1.804663467407226562e+01
2.000000000000000000e+01 1.919786262512207031e+01
2.000000000000000000e+01 1.791036987304687500e+01
2.000000000000000000e+01 1.453273010253906250e+01
2.000000000000000000e+01 1.630567550659179688e+01
2.000000000000000000e+01 1.778752899169921875e+01
2.000000000000000000e+01 1.838269805908203125e+01
2.000000000000000000e+01 1.812031936645507812e+01
2.000000000000000000e+01 1.805278968811035156e+01
2.000000000000000000e+01 1.901931381225585938e+01
2.000000000000000000e+01 1.967985534667968750e+01
2.000000000000000000e+01 1.992114448547363281e+01
2.000000000000000000e+01 1.998139190673828125e+01
2.000000000000000000e+01 1.999530029296875000e+01
2.000000000000000000e+01 1.999902915954589844e+01
2.000000000000000000e+01 1.999999809265136719e+01
2.000000000000000000e+01 2.000000000000000000e+01
2.000000000000000000e+01 2.000000000000000000e+01
2.000000000000000000e+01 2.000000000000000000e+01
2.000000000000000000e+01 2.000000000000000000e+01
2.000000000000000000e+01 2.000000000000000000e+01
2.000000000000000000e+01 2.000000000000000000e+01
2.000000000000000000e+01 2.000000000000000000e+01
2.000000000000000000e+01 2.000000000000000000e+01
-1.999999809265136719e+01 2.000000000000000000e+01
-2.000000000000000000e+01 2.000000000000000000e+01
-2.000000000000000000e+01 2.000000000000000000e+01
-2.000000000000000000e+01 2.000000000000000000e+01
-2.000000000000000000e+01 2.000000000000000000e+01
-2.000000000000000000e+01 2.000000000000000000e+01
-2.000000000000000000e+01 2.000000000000000000e+01
-2.000000000000000000e+01 2.000000000000000000e+01
-2.000000000000000000e+01 2.000000000000000000e+01
-2.000000000000000000e+01 2.772806644439697266e+00
-2.000000000000000000e+01 -2.000000000000000000e+01
-2.000000000000000000e+01 -2.000000000000000000e+01
1.999998855590820312e+01 -1.999992561340332031e+01
2.000000000000000000e+01 -2.000000000000000000e+01
-2.000000000000000000e+01 -2.000000000000000000e+01
-2.000000000000000000e+01 -2.000000000000000000e+01
2.000000000000000000e+01 -1.999999237060546875e+01
-2.000000000000000000e+01 -2.000000000000000000e+01
-2.000000000000000000e+01 -2.000000000000000000e+01
-1.999021911621093750e+01 -1.999985885620117188e+01
1.951898384094238281e+01 -1.999468994140625000e+01
-2.000000000000000000e+01 -2.000000000000000000e+01
-2.000000000000000000e+01 -1.999999809265136719e+01
-1.145184326171875000e+01 8.649295568466186523e-02
-1.301439857482910156e+01 -1.916960144042968750e+01
-1.139607906341552734e+01 -3.693999767303466797e+00
-1.158314228057861328e+01 -1.800332450866699219e+01
-9.664014816284179688e+00 -5.673316717147827148e-01
-1.108260631561279297e+01 -1.884588050842285156e+01
-6.518047332763671875e+00 2.703098773956298828e+00
-1.000482559204101562e+01 -1.945662307739257812e+01
-3.241692066192626953e+00 2.023473262786865234e+00
-6.382775306701660156e+00 -1.885692214965820312e+01
1.454112291336059570e+00 1.140652751922607422e+01
-4.509428977966308594e+00 -1.961590003967285156e+01
4.587124824523925781e+00 5.316058158874511719e+00
2.409445762634277344e+00 -1.604916191101074219e+01
9.237454414367675781e+00 1.801484680175781250e+01
1.999021911621093750e+01 -5.673923969268798828e+00
2.000000000000000000e+01 1.617706108093261719e+01
2.000000000000000000e+01 1.474622154235839844e+01
2.000000000000000000e+01 1.372741508483886719e+01
2.000000000000000000e+01 1.320372104644775391e+01
2.000000000000000000e+01 1.371056747436523438e+01
2.000000000000000000e+01 1.352364730834960938e+01
2.000000000000000000e+01 1.343741226196289062e+01
2.000000000000000000e+01 1.670809173583984375e+01
2.000000000000000000e+01 1.898096275329589844e+01
2.000000000000000000e+01 1.957961845397949219e+01
2.000000000000000000e+01 1.987748527526855469e+01
2.000000000000000000e+01 1.996590805053710938e+01
2.000000000000000000e+01 1.999007606506347656e+01
2.000000000000000000e+01 1.999860000610351562e+01
2.000000000000000000e+01 1.999999809265136719e+01
2.000000000000000000e+01 2.000000000000000000e+01
2.000000000000000000e+01 2.000000000000000000e+01
2.000000000000000000e+01 2.000000000000000000e+01
2.000000000000000000e+01 2.000000000000000000e+01
2.000000000000000000e+01 2.000000000000000000e+01
2.000000000000000000e+01 2.000000000000000000e+01
2.000000000000000000e+01 2.000000000000000000e+01
2.000000000000000000e+01 2.000000000000000000e+01
2.000000000000000000e+01 2.000000000000000000e+01
-1.999999809265136719e+01 2.000000000000000000e+01
-2.000000000000000000e+01 2.000000000000000000e+01
-2.000000000000000000e+01 2.000000000000000000e+01
-2.000000000000000000e+01 2.000000000000000000e+01
-2.000000000000000000e+01 2.000000000000000000e+01
-2.000000000000000000e+01 2.000000000000000000e+01
-2.000000000000000000e+01 2.000000000000000000e+01
-2.000000000000000000e+01 2.000000000000000000e+01
-2.000000000000000000e+01 2.000000000000000000e+01
-2.000000000000000000e+01 -1.999990463256835938e+01
-2.000000000000000000e+01 -2.000000000000000000e+01
-2.000000000000000000e+01 -2.000000000000000000e+01
1.993747901916503906e+01 -1.999999809265136719e+01
-2.000000000000000000e+01 -2.000000000000000000e+01
1.999981498718261719e+01 -2.000000000000000000e+01
-2.000000000000000000e+01 -2.000000000000000000e+01
-2.000000000000000000e+01 -2.000000000000000000e+01
1.996399116516113281e+01 -1.999940490722656250e+01
-2.000000000000000000e+01 -2.000000000000000000e+01
-2.000000000000000000e+01 -2.000000000000000000e+01
-1.227618122100830078e+01 -1.983666229248046875e+01
-1.344397354125976562e+01 -1.832275199890136719e+01
-1.248536014556884766e+01 -1.251995468139648438e+01
-1.225983619689941406e+01 -1.003600597381591797e+01
-1.138763332366943359e+01 -1.104399204254150391e+01
-1.055011653900146484e+01 -1.081240653991699219e+01
-9.833356857299804688e+00 -1.102222061157226562e+01
-8.941248893737792969e+00 -9.635834693908691406e+00
-8.345551490783691406e+00 -1.103780841827392578e+01
-6.926788806915283203e+00 -5.272402763366699219e+00
-7.711817741394042969e+00 -1.559769248962402344e+01
-3.109964847564697266e+00 9.968599319458007812e+00
-1.004923629760742188e+01 -1.983751678466796875e+01
-3.189859151840209961e+00 -4.801230430603027344e+00
-2.888436317443847656e+00 -1.028355121612548828e+01
1.066606402397155762e+00 5.710921764373779297e+00
-2.452914237976074219e+00 -1.748208618164062500e+01
5.498624801635742188e+00 1.447361373901367188e+01
1.685619237832725048e-03 -1.790746498107910156e+01
7.867327213287353516e+00 1.329802036285400391e+01
2.000000000000000000e+01 5.300543785095214844e+00
2.000000000000000000e+01 9.315461158752441406e+00
2.000000000000000000e+01 1.461023521423339844e+01
2.000000000000000000e+01 1.021103954315185547e+01
2.000000000000000000e+01 8.355758666992187500e+00
2.000000000000000000e+01 1.178637886047363281e+01
2.000000000000000000e+01 1.058374404907226562e+01
2.000000000000000000e+01 1.467385768890380859e+01
2.000000000000000000e+01 1.757007980346679688e+01
2.000000000000000000e+01 1.917691802978515625e+01
2.000000000000000000e+01 1.977665901184082031e+01
2.000000000000000000e+01 1.994673538208007812e+01
2.000000000000000000e+01 1.998661994934082031e+01
2.000000000000000000e+01 1.999929428100585938e+01
2.000000000000000000e+01 2.000000000000000000e+01
2.000000000000000000e+01 2.000000000000000000e+01
2.000000000000000000e+01 2.000000000000000000e+01
2.000000000000000000e+01 2.000000000000000000e+01
2.000000000000000000e+01 2.000000000000000000e+01
2.000000000000000000e+01 2.000000000000000000e+01
2.000000000000000000e+01 2.000000000000000000e+01
2.000000000000000000e+01 2.000000000000000000e+01
2.000000000000000000e+01 2.000000000000000000e+01
2.000000000000000000e+01 2.000000000000000000e+01
2.000000000000000000e+01 2.000000000000000000e+01
-1.983318138122558594e+01 2.000000000000000000e+01
-2.000000000000000000e+01 2.000000000000000000e+01
-2.000000000000000000e+01 2.000000000000000000e+01
-2.000000000000000000e+01 2.000000000000000000e+01
-2.000000000000000000e+01 2.000000000000000000e+01
-2.000000000000000000e+01 2.000000000000000000e+01
-2.000000000000000000e+01 2.000000000000000000e+01
-2.000000000000000000e+01 2.000000000000000000e+01
-2.000000000000000000e+01 2.000000000000000000e+01
-2.000000000000000000e+01 -1.999999809265136719e+01
-2.000000000000000000e+01 -2.000000000000000000e+01
-2.000000000000000000e+01 -2.000000000000000000e+01
-2.000000000000000000e+01 -2.000000000000000000e+01
1.366630649566650391e+01 -2.000000000000000000e+01
-1.924448013305664062e+01 -1.999998855590820312e+01
1.986231613159179688e+01 -2.000000000000000000e+01
-2.000000000000000000e+01 -2.000000000000000000e+01
-1.985222625732421875e+01 -1.999860954284667969e+01
-5.579262971878051758e-01 -1.999766540527343750e+01
7.577799797058105469e+00 -1.999005889892578125e+01
-2.000000000000000000e+01 -2.000000000000000000e+01
-1.552805805206298828e+01 -1.997936439514160156e+01
-1.415265274047851562e+01 -1.955422973632812500e+01
-1.294492721557617188e+01 -1.616150856018066406e+01
-1.094828701019287109e+01 -8.715282440185546875e+00
-1.029044246673583984e+01 -1.404175662994384766e+01
-8.915623664855957031e+00 -6.293495178222656250e+00
-9.720281600952148438e+00 -1.582681846618652344e+01
-7.163910388946533203e+00 8.049285411834716797e-01
-1.033390426635742188e+01 -1.956091308593750000e+01
-5.212277412414550781e+00 4.497684001922607422e+00
-1.048682975769042969e+01 -1.983509254455566406e+01
-4.279397964477539062e+00 -1.551532149314880371e+00
-6.704470634460449219e+00 -1.814991378784179688e+01
-8.428061008453369141e-01 1.201555252075195312e+01
-8.067894935607910156e+00 -1.979276084899902344e+01
-1.543455600738525391e+00 -4.188596725463867188e+00
-8.185293674468994141e-01 -7.657309532165527344e+00
1.860575556755065918e+00 2.798397541046142578e+00
7.931100130081176758e-01 -1.104032135009765625e+01
5.174418449401855469e+00 7.871361255645751953e+00
2.000000000000000000e+01 2.872522354125976562e+00
2.000000000000000000e+01 1.192335319519042969e+01
2.000000000000000000e+01 7.420862197875976562e+00
2.000000000000000000e+01 3.503073692321777344e+00
2.000000000000000000e+01 4.331393241882324219e+00
2.000000000000000000e+01 1.233209133148193359e+01
2.000000000000000000e+01 1.012038040161132812e+01
2.000000000000000000e+01 1.605962753295898438e+01
2.000000000000000000e+01 1.759404563903808594e+01
2.000000000000000000e+01 1.913546752929687500e+01
2.000000000000000000e+01 1.980096817016601562e+01
2.000000000000000000e+01 1.996941757202148438e+01
2.000000000000000000e+01 1.999468994140625000e+01
2.000000000000000000e+01 1.999997901916503906e+01
2.000000000000000000e+01 2.000000000000000000e+01
2.000000000000000000e+01 2.000000000000000000e+01
2.000000000000000000e+01 2.000000000000000000e+01
2.000000000000000000e+01 2.000000000000000000e+01
2.000000000000000000e+01 2.000000000000000000e+01
2.000000000000000000e+01 2.000000000000000000e+01
2.000000000000000000e+01 2.000000000000000000e+01
2.000000000000000000e+01 2.000000000000000000e+01
2.000000000000000000e+01 2.000000000000000000e+01
2.000000000000000000e+01 2.000000000000000000e+01
2.000000000000000000e+01 2.000000000000000000e+01
2.000000000000000000e+01 2.000000000000000000e+01
8.342359542846679688e+00 2.000000000000000000e+01
-2.000000000000000000e+01 2.000000000000000000e+01
-2.000000000000000000e+01 2.000000000000000000e+01
-2.000000000000000000e+01 2.000000000000000000e+01
-2.000000000000000000e+01 2.000000000000000000e+01
-2.000000000000000000e+01 2.000000000000000000e+01
-2.000000000000000000e+01 2.000000000000000000e+01
-2.000000000000000000e+01 2.000000000000000000e+01
-2.000000000000000000e+01 2.000000000000000000e+01
-2.000000000000000000e+01 1.999997329711914062e+01
-2.000000000000000000e+01 -2.000000000000000000e+01
-2.000000000000000000e+01 -2.000000000000000000e+01
-2.000000000000000000e+01 -2.000000000000000000e+01
-2.000000000000000000e+01 -2.000000000000000000e+01
-1.867680549621582031e+01 -2.000000000000000000e+01
-1.877441024780273438e+01 -2.000000000000000000e+01
-1.695596122741699219e+01 -2.000000000000000000e+01
-1.289887523651123047e+01 -2.000000000000000000e+01
-2.302357912063598633e+00 -2.000000000000000000e+01
1.537769126892089844e+01 -1.999999237060546875e+01
-1.999739265441894531e+01 -1.999880981445312500e+01
7.104260921478271484e+00 -1.999831390380859375e+01
1.367341899871826172e+01 -1.999204254150390625e+01
-2.000000000000000000e+01 -2.000000000000000000e+01
-1.552805805206298828e+01 -1.997936439514160156e+01
-1.552805805206298828e+01 -1.997936439514160156e+01
-1.490029430389404297e+01 -1.990812110900878906e+01
-1.288013935089111328e+01 -1.852071952819824219e+01
-1.069060230255126953e+01 -1.390679359436035156e+01
-9.251599311828613281e+00 -1.299281215667724609e+01
-8.470208168029785156e+00 -1.169823169708251953e+01
-7.713922500610351562e+00 -1.059978580474853516e+01
-7.122541427612304688e+00 -1.128378009796142578e+01
-5.914645671844482422e+00 -8.126379013061523438e+00
-5.513498306274414062e+00 -1.109221553802490234e+01
-3.895230293273925781e+00 -3.494175672531127930e+00
-4.905829906463623047e+00 -1.493833160400390625e+01
-3.232078254222869873e-01 9.718892097473144531e+00
-5.580859184265136719e+00 -1.899816894531250000e+01
2.925091683864593506e-01 3.890204906463623047e+00
-1.990714073181152344e+00 -1.483272552490234375e+01
3.221353530883789062e+00 1.049973392486572266e+01
1.999975395202636719e+01 -7.853228569030761719e+00
2.000000000000000000e+01 1.606095123291015625e+01
2.000000000000000000e+01 -8.236288070678710938e+00
2.000000000000000000e+01 -5.468831211328506470e-02
2.000000000000000000e+01 1.249572849273681641e+01
2.000000000000000000e+01 3.965311527252197266e+00
2.000000000000000000e+01 1.608577728271484375e+01
2.000000000000000000e+01 1.576588630676269531e+01
2.000000000000000000e+01 1.895745849609375000e+01
2.000000000000000000e+01 1.959461212158203125e+01
2.000000000000000000e+01 1.992350387573242188e+01
2.000000000000000000e+01 1.999954414367675781e+01
2.000000000000000000e+01 2.000000000000000000e+01
2.000000000000000000e+01 2.000000000000000000e+01
2.000000000000000000e+01 2.000000000000000000e+01
2.000000000000000000e+01 2.000000000000000000e+01
2.000000000000000000e+01 2.000000000000000000e+01
2.000000000000000000e+01 2.000000000000000000e+01
2.000000000000000000e+01 2.000000000000000000e+01
2.000000000000000000e+01 2.000000000000000000e+01
2.000000000000000000e+01 2.000000000000000000e+01
2.000000000000000000e+01 2.000000000000000000e+01
2.000000000000000000e+01 2.000000000000000000e+01
2.000000000000000000e+01 2.000000000000000000e+01
2.000000000000000000e+01 2.000000000000000000e+01
2.000000000000000000e+01 2.000000000000000000e+01
-1.999787139892578125e+01 2.000000000000000000e+01
-2.000000000000000000e+01 2.000000000000000000e+01
-2.000000000000000000e+01 2.000000000000000000e+01
-2.000000000000000000e+01 2.000000000000000000e+01
-2.000000000000000000e+01 2.000000000000000000e+01
-2.000000000000000000e+01 2.000000000000000000e+01
-2.000000000000000000e+01 2.000000000000000000e+01
-2.000000000000000000e+01 2.000000000000000000e+01
-2.000000000000000000e+01 2.000000000000000000e+01
-2.000000000000000000e+01 1.982867813110351562e+01
-2.000000000000000000e+01 -2.000000000000000000e+01
-2.000000000000000000e+01 -2.000000000000000000e+01
-2.000000000000000000e+01 -2.000000000000000000e+01
-2.000000000000000000e+01 -2.000000000000000000e+01
-1.999968338012695312e+01 -2.000000000000000000e+01
-1.884103965759277344e+01 -2.000000000000000000e+01
-1.875638389587402344e+01 -2.000000000000000000e+01
-1.862058448791503906e+01 -2.000000000000000000e+01
-1.843970680236816406e+01 -2.000000000000000000e+01
-1.794648361206054688e+01 -2.000000000000000000e+01
-1.713237762451171875e+01 -1.999999618530273438e+01
-1.620056343078613281e+01 -1.999996948242187500e+01
-1.512301540374755859e+01 -1.999983406066894531e+01
-1.400168418884277344e+01 -1.999930763244628906e+01
-1.276433467864990234e+01 -1.999728965759277344e+01
-1.141441249847412109e+01 -1.998859786987304688e+01
-9.639888763427734375e+00 -1.994575691223144531e+01
-8.589403152465820312e+00 -1.989088058471679688e+01
-8.291942596435546875e+00 -1.988503646850585938e+01
-7.681886672973632812e+00 -1.987236213684082031e+01
-6.194952964782714844e+00 -1.983715438842773438e+01
-4.880190372467041016e+00 -1.980011749267578125e+01
-4.234859466552734375e+00 -1.977956581115722656e+01
-2.814612388610839844e+00 -1.972788429260253906e+01
-7.945810556411743164e-01 -1.954837608337402344e+01
2.997615814208984375e+00 -1.529938697814941406e+01
5.911279201507568359e+00 -2.582523345947265625e+00
8.738712310791015625e+00 -1.999795722961425781e+01
1.023557090759277344e+01 1.397684192657470703e+01
1.974513816833496094e+01 -1.998301124572753906e+01
2.000000000000000000e+01 -1.999581146240234375e+01
2.000000000000000000e+01 1.362226390838623047e+01
2.000000000000000000e+01 -8.668070793151855469e+00
2.000000000000000000e+01 1.031086444854736328e+01
2.000000000000000000e+01 1.788862824440002441e+00
2.000000000000000000e+01 7.436572074890136719e+00
2.000000000000000000e+01 1.160474681854248047e+01
2.000000000000000000e+01 1.630712890625000000e+01
2.000000000000000000e+01 1.888663101196289062e+01
2.000000000000000000e+01 1.970714187622070312e+01
2.000000000000000000e+01 1.991891098022460938e+01
2.000000000000000000e+01 1.999996566772460938e+01
2.000000000000000000e+01 2.000000000000000000e+01
2.000000000000000000e+01 2.000000000000000000e+01
2.000000000000000000e+01 2.000000000000000000e+01
2.000000000000000000e+01 2.000000000000000000e+01
2.000000000000000000e+01 2.000000000000000000e+01
2.000000000000000000e+01 2.000000000000000000e+01
2.000000000000000000e+01 2.000000000000000000e+01
2.000000000000000000e+01 2.000000000000000000e+01
2.000000000000000000e+01 2.000000000000000000e+01
2.000000000000000000e+01 2.000000000000000000e+01
2.000000000000000000e+01 2.000000000000000000e+01
2.000000000000000000e+01 2.000000000000000000e+01
2.000000000000000000e+01 2.000000000000000000e+01
2.000000000000000000e+01 2.000000000000000000e+01
2.000000000000000000e+01 2.000000000000000000e+01
1.999985504150390625e+01 2.000000000000000000e+01
-2.000000000000000000e+01 2.000000000000000000e+01
-2.000000000000000000e+01 2.000000000000000000e+01
-2.000000000000000000e+01 2.000000000000000000e+01
-2.000000000000000000e+01 2.000000000000000000e+01
-2.000000000000000000e+01 2.000000000000000000e+01
-2.000000000000000000e+01 2.000000000000000000e+01
-2.000000000000000000e+01 2.000000000000000000e+01
-2.000000000000000000e+01 2.000000000000000000e+01
-2.000000000000000000e+01 2.000000000000000000e+01
-2.000000000000000000e+01 2.000000000000000000e+01
-2.000000000000000000e+01 1.927941131591796875e+01
-2.000000000000000000e+01 -2.000000000000000000e+01
-2.000000000000000000e+01 -2.000000000000000000e+01
-2.000000000000000000e+01 -2.000000000000000000e+01
-2.000000000000000000e+01 -2.000000000000000000e+01
-2.000000000000000000e+01 -2.000000000000000000e+01
-2.000000000000000000e+01 -2.000000000000000000e+01
-2.000000000000000000e+01 -2.000000000000000000e+01
-1.887085914611816406e+01 -2.000000000000000000e+01
-1.871912384033203125e+01 -2.000000000000000000e+01
-1.854112815856933594e+01 -2.000000000000000000e+01
-1.833059883117675781e+01 -2.000000000000000000e+01
-1.809074592590332031e+01 -1.999999809265136719e+01
-1.782157516479492188e+01 -1.999999618530273438e+01
-1.697452926635742188e+01 -1.999996948242187500e+01
-1.597319984436035156e+01 -1.999984359741210938e+01
-1.468447685241699219e+01 -1.999932670593261719e+01
-1.318818569183349609e+01 -1.999740219116210938e+01
-1.167191696166992188e+01 -1.998874282836914062e+01
-1.004417514801025391e+01 -1.994831466674804688e+01
-9.034482002258300781e+00 -1.989923095703125000e+01
-8.417675018310546875e+00 -1.988753318786621094e+01
-7.563992023468017578e+00 -1.986980247497558594e+01
-5.810996055603027344e+00 -1.982696151733398438e+01
-4.424352645874023438e+00 -1.978577423095703125e+01
-3.502676486968994141e+00 -1.975410652160644531e+01
-2.624390125274658203e+00 -1.972020912170410156e+01
-1.042642831802368164e+00 -1.964826774597167969e+01
9.190994501113891602e-01 -1.937029266357421875e+01
4.635662555694580078e+00 -1.445578479766845703e+01
8.978361129760742188e+00 -1.994469833374023438e+01
1.210211753845214844e+01 -1.910710525512695312e+01
1.893084526062011719e+01 -2.000000000000000000e+01
2.000000000000000000e+01 -2.000000000000000000e+01
2.000000000000000000e+01 -1.999991989135742188e+01
2.000000000000000000e+01 -9.947168350219726562e+00
2.000000000000000000e+01 -1.982558059692382812e+01
2.000000000000000000e+01 1.939923858642578125e+01
2.000000000000000000e+01 1.889173698425292969e+01
2.000000000000000000e+01 1.952595138549804688e+01
2.000000000000000000e+01 1.996173286437988281e+01
2.000000000000000000e+01 1.999387741088867188e+01
2.000000000000000000e+01 1.999983024597167969e+01
2.000000000000000000e+01 2.000000000000000000e+01
2.000000000000000000e+01 2.000000000000000000e+01
2.000000000000000000e+01 2.000000000000000000e+01
2.000000000000000000e+01 2.000000000000000000e+01
2.000000000000000000e+01 2.000000000000000000e+01
2.000000000000000000e+01 2.000000000000000000e+01
2.000000000000000000e+01 2.000000000000000000e+01
2.000000000000000000e+01 2.000000000000000000e+01
2.000000000000000000e+01 2.000000000000000000e+01
2.000000000000000000e+01 2.000000000000000000e+01
2.000000000000000000e+01 2.000000000000000000e+01
2.000000000000000000e+01 2.000000000000000000e+01
2.000000000000000000e+01 2.000000000000000000e+01
2.000000000000000000e+01 2.000000000000000000e+01
2.000000000000000000e+01 2.000000000000000000e+01
2.000000000000000000e+01 2.000000000000000000e+01
2.000000000000000000e+01 2.000000000000000000e+01
2.000000000000000000e+01 2.000000000000000000e+01
2.000000000000000000e+01 2.000000000000000000e+01
1.300721359252929688e+01 2.000000000000000000e+01
-2.000000000000000000e+01 2.000000000000000000e+01
-2.000000000000000000e+01 2.000000000000000000e+01
-2.000000000000000000e+01 2.000000000000000000e+01
-2.000000000000000000e+01 2.000000000000000000e+01
-2.000000000000000000e+01 2.000000000000000000e+01
-2.000000000000000000e+01 2.000000000000000000e+01
-2.000000000000000000e+01 2.000000000000000000e+01
-2.000000000000000000e+01 2.000000000000000000e+01
-2.000000000000000000e+01 2.000000000000000000e+01
-2.000000000000000000e+01 2.000000000000000000e+01
-2.000000000000000000e+01 1.999902534484863281e+01
-2.000000000000000000e+01 -2.000000000000000000e+01
-2.000000000000000000e+01 -2.000000000000000000e+01
-2.000000000000000000e+01 -2.000000000000000000e+01
-2.000000000000000000e+01 -2.000000000000000000e+01
-2.000000000000000000e+01 -2.000000000000000000e+01
-2.000000000000000000e+01 -1.999999237060546875e+01
-2.000000000000000000e+01 -2.000000000000000000e+01
-2.000000000000000000e+01 -2.000000000000000000e+01
-1.999999809265136719e+01 -2.000000000000000000e+01
-1.999738693237304688e+01 -2.000000000000000000e+01
-1.988363647460937500e+01 -2.000000000000000000e+01
-1.832766723632812500e+01 -2.000000000000000000e+01
-1.806099700927734375e+01 -1.999999809265136719e+01
-1.781395721435546875e+01 -1.999999618530273438e+01
-1.753396224975585938e+01 -1.999997711181640625e+01
-1.704080772399902344e+01 -1.999990653991699219e+01
-1.584202289581298828e+01 -1.999958229064941406e+01
-1.440940761566162109e+01 -1.999836158752441406e+01
-1.258748912811279297e+01 -1.999220275878906250e+01
-1.095577716827392578e+01 -1.996562194824218750e+01
-9.797704696655273438e+00 -1.991251945495605469e+01
-9.035330772399902344e+00 -1.989924621582031250e+01
-8.270949363708496094e+00 -1.988461494445800781e+01
-6.740338325500488281e+00 -1.992247200012207031e+01
-3.744853734970092773e+00 -1.998369407653808594e+01
-3.074292659759521484e+00 -1.995104598999023438e+01
1.087324261665344238e+00 -1.999813079833984375e+01
1.582180142402648926e+00 -1.999292182922363281e+01
6.144972801208496094e+00 -1.999979019165039062e+01
1.257384204864501953e+01 -2.000000000000000000e+01
1.868226242065429688e+01 -2.000000000000000000e+01
1.989038848876953125e+01 -2.000000000000000000e+01
1.992243194580078125e+01 -2.000000000000000000e+01
2.000000000000000000e+01 -2.000000000000000000e+01
2.000000000000000000e+01 -2.000000000000000000e+01
2.000000000000000000e+01 -2.000000000000000000e+01
2.000000000000000000e+01 -2.000000000000000000e+01
2.000000000000000000e+01 -1.999999427795410156e+01
2.000000000000000000e+01 1.619642448425292969e+01
-1.630066108703613281e+01 2.000000000000000000e+01
2.000000000000000000e+01 2.000000000000000000e+01
2.000000000000000000e+01 1.999999427795410156e+01
1.999998283386230469e+01 2.000000000000000000e+01
1.999998283386230469e+01 2.000000000000000000e+01
2.000000000000000000e+01 2.000000000000000000e+01
2.000000000000000000e+01 2.000000000000000000e+01
2.000000000000000000e+01 2.000000000000000000e+01
2.000000000000000000e+01 2.000000000000000000e+01
2.000000000000000000e+01 2.000000000000000000e+01
2.000000000000000000e+01 2.000000000000000000e+01
2.000000000000000000e+01 2.000000000000000000e+01
2.000000000000000000e+01 2.000000000000000000e+01
2.000000000000000000e+01 2.000000000000000000e+01
2.000000000000000000e+01 2.000000000000000000e+01
2.000000000000000000e+01 2.000000000000000000e+01
2.000000000000000000e+01 2.000000000000000000e+01
2.000000000000000000e+01 2.000000000000000000e+01
2.000000000000000000e+01 2.000000000000000000e+01
2.000000000000000000e+01 2.000000000000000000e+01
2.000000000000000000e+01 2.000000000000000000e+01
2.000000000000000000e+01 2.000000000000000000e+01
2.000000000000000000e+01 2.000000000000000000e+01
1.999803352355957031e+01 2.000000000000000000e+01
-2.000000000000000000e+01 2.000000000000000000e+01
-2.000000000000000000e+01 2.000000000000000000e+01
-2.000000000000000000e+01 2.000000000000000000e+01
-2.000000000000000000e+01 2.000000000000000000e+01
-2.000000000000000000e+01 2.000000000000000000e+01
-2.000000000000000000e+01 2.000000000000000000e+01
-2.000000000000000000e+01 2.000000000000000000e+01
-2.000000000000000000e+01 2.000000000000000000e+01
-2.000000000000000000e+01 2.000000000000000000e+01
-2.000000000000000000e+01 2.000000000000000000e+01
-2.000000000000000000e+01 2.000000000000000000e+01
-2.000000000000000000e+01 1.947245025634765625e+01
-2.000000000000000000e+01 -2.000000000000000000e+01
-2.000000000000000000e+01 -2.000000000000000000e+01
-2.000000000000000000e+01 -2.000000000000000000e+01
-2.000000000000000000e+01 -2.000000000000000000e+01
-2.000000000000000000e+01 -1.999981880187988281e+01
-2.000000000000000000e+01 -1.999999618530273438e+01
-2.000000000000000000e+01 -2.000000000000000000e+01
-2.000000000000000000e+01 -2.000000000000000000e+01
-2.000000000000000000e+01 -2.000000000000000000e+01
-1.999999809265136719e+01 -2.000000000000000000e+01
-1.999992179870605469e+01 -2.000000000000000000e+01
-1.999811744689941406e+01 -1.999999809265136719e+01
-1.997170066833496094e+01 -1.999999809265136719e+01
-1.956859207153320312e+01 -1.999999237060546875e+01
-1.735163307189941406e+01 -1.999996376037597656e+01
-1.628713798522949219e+01 -1.999982643127441406e+01
-1.489409542083740234e+01 -1.999928855895996094e+01
-1.334505176544189453e+01 -1.999723243713378906e+01
-7.465137958526611328e+00 -1.999998283386230469e+01
-8.727831840515136719e-01 -2.000000000000000000e+01
-1.843116950988769531e+01 -2.000000000000000000e+01
9.692854881286621094e+00 -2.000000000000000000e+01
-1.999711036682128906e+01 -2.000000000000000000e+01
4.760669231414794922e+00 -2.000000000000000000e+01
-1.996699333190917969e+01 -2.000000000000000000e+01
1.463489913940429688e+01 -2.000000000000000000e+01
-1.988832664489746094e+01 -2.000000000000000000e+01
-5.354306221008300781e+00 -2.000000000000000000e+01
6.480009078979492188e+00 -2.000000000000000000e+01
-2.844295978546142578e+00 -2.000000000000000000e+01
-4.750346660614013672e+00 -2.000000000000000000e+01
-2.034570127725601196e-01 -2.000000000000000000e+01
7.353721618652343750e+00 -2.000000000000000000e+01
1.970435523986816406e+01 -2.000000000000000000e+01
1.999806213378906250e+01 -2.000000000000000000e+01
1.999774932861328125e+01 -2.000000000000000000e+01
2.000000000000000000e+01 -2.000000000000000000e+01
1.999999237060546875e+01 -2.000000000000000000e+01
6.542439937591552734e+00 -2.000000000000000000e+01
-2.000000000000000000e+01 -2.000000000000000000e+01
-2.000000000000000000e+01 -2.000000000000000000e+01
-2.000000000000000000e+01 1.998333740234375000e+01
-1.992652320861816406e+01 2.000000000000000000e+01
2.000000000000000000e+01 2.000000000000000000e+01
-1.601544952392578125e+01 1.999999809265136719e+01
1.491820335388183594e+01 2.000000000000000000e+01
-1.924273490905761719e+01 1.999999618530273438e+01
-2.000000000000000000e+01 2.000000000000000000e+01
-2.000000000000000000e+01 2.000000000000000000e+01
-2.000000000000000000e+01 2.000000000000000000e+01
-2.000000000000000000e+01 2.000000000000000000e+01
-2.000000000000000000e+01 2.000000000000000000e+01
-2.000000000000000000e+01 2.000000000000000000e+01
-2.000000000000000000e+01 1.999986648559570312e+01
1.999987792968750000e+01 1.998266220092773438e+01
1.210369491577148438e+01 1.918093490600585938e+01
-1.928439712524414062e+01 1.235397243499755859e+01
-1.773958396911621094e+01 1.583158111572265625e+01
-1.973167037963867188e+01 1.760362434387207031e+01
-1.989509963989257812e+01 1.821638488769531250e+01
-1.987603759765625000e+01 1.840547180175781250e+01
-1.933062744140625000e+01 -1.927746582031250000e+01
1.974641418457031250e+01 1.939193153381347656e+01
-1.916540527343750000e+01 1.153544521331787109e+01
-1.947315979003906250e+01 -1.441219329833984375e+01
4.752319335937500000e+00 1.512833118438720703e+01
-1.953430557250976562e+01 8.141254425048828125e+00
-1.759698677062988281e+01 -2.631309270858764648e+00
-9.079627037048339844e+00 1.324050521850585938e+01
-1.517496967315673828e+01 -1.873866844177246094e+01
8.992444992065429688e+00 -8.038059234619140625e+00
-4.175176620483398438e+00 -1.897845458984375000e+01
2.526196241378784180e-01 -1.999982452392578125e+01
-1.994939041137695312e+01 -2.000000000000000000e+01
-1.971129226684570312e+01 -2.000000000000000000e+01
1.078661918640136719e+01 -2.000000000000000000e+01
-1.999487686157226562e+01 -2.000000000000000000e+01
-1.462235069274902344e+01 -2.000000000000000000e+01
1.866957092285156250e+01 -2.000000000000000000e+01
-1.998266029357910156e+01 -2.000000000000000000e+01
-1.741760635375976562e+01 -2.000000000000000000e+01
1.824694442749023438e+01 -2.000000000000000000e+01
-1.236086750030517578e+01 -2.000000000000000000e+01
-1.012958431243896484e+01 -2.000000000000000000e+01
1.023319721221923828e+01 -2.000000000000000000e+01
4.373229980468750000e+00 -2.000000000000000000e+01
1.505190753936767578e+01 -2.000000000000000000e+01
1.997928810119628906e+01 -2.000000000000000000e+01
1.999958419799804688e+01 -2.000000000000000000e+01
1.999810028076171875e+01 -2.000000000000000000e+01
1.999999237060546875e+01 -2.000000000000000000e+01
1.999994277954101562e+01 -2.000000000000000000e+01
-2.000000000000000000e+01 -2.000000000000000000e+01
-2.000000000000000000e+01 -2.000000000000000000e+01
-2.000000000000000000e+01 -1.999982643127441406e+01
-1.999952697753906250e+01 2.000000000000000000e+01
2.000000000000000000e+01 2.000000000000000000e+01
9.864834785461425781e+00 2.000000000000000000e+01
1.968951034545898438e+01 2.000000000000000000e+01
1.969419860839843750e+01 1.999999618530273438e+01
1.987515640258789062e+01 1.992115402221679688e+01
1.997933197021484375e+01 3.941480636596679688e+00
1.737397384643554688e+01 -1.481938457489013672e+01
-2.000000000000000000e+01 6.998986750841140747e-02
-1.086669540405273438e+01 1.999849319458007812e+01
1.892524528503417969e+01 1.999998664855957031e+01
1.999580001831054688e+01 1.999363899230957031e+01
1.964586639404296875e+01 1.892141723632812500e+01
1.992615127563476562e+01 5.101726531982421875e+00
1.999723052978515625e+01 -1.923177337646484375e+01
-2.000000000000000000e+01 6.388377666473388672e+00
-1.997411346435546875e+01 1.992073822021484375e+01
-1.589368057250976562e+01 1.560032081604003906e+01
-2.000000000000000000e+01 1.999998092651367188e+01
-2.000000000000000000e+01 2.000000000000000000e+01
-2.000000000000000000e+01 2.000000000000000000e+01
-2.000000000000000000e+01 2.000000000000000000e+01
-2.000000000000000000e+01 2.000000000000000000e+01
-2.000000000000000000e+01 1.999999618530273438e+01
-2.000000000000000000e+01 1.990721893310546875e+01
1.998894882202148438e+01 1.788984489440917969e+01
-1.971037864685058594e+01 -1.709633445739746094e+01
3.553602457046508789e+00 -1.956520271301269531e+01
3.213236093521118164e+00 -2.000000000000000000e+01
1.026700973510742188e+01 -2.000000000000000000e+01
-1.996166419982910156e+01 -2.000000000000000000e+01
-1.101510405540466309e+00 -2.000000000000000000e+01
-1.481345367431640625e+01 -2.000000000000000000e+01
1.890142059326171875e+01 -2.000000000000000000e+01
-4.188042640686035156e+00 -2.000000000000000000e+01
6.597637176513671875e+00 -2.000000000000000000e+01
1.975233078002929688e+01 -2.000000000000000000e+01
1.999922370910644531e+01 -2.000000000000000000e+01
1.999670791625976562e+01 -2.000000000000000000e+01
1.999999618530273438e+01 -2.000000000000000000e+01
1.979489517211914062e+01 -2.000000000000000000e+01
-1.999518203735351562e+01 -2.000000000000000000e+01
-2.000000000000000000e+01 -2.000000000000000000e+01
-1.999990844726562500e+01 -1.998139190673828125e+01
-1.995475578308105469e+01 2.000000000000000000e+01
2.000000000000000000e+01 2.000000000000000000e+01
1.497567272186279297e+01 2.000000000000000000e+01
1.986028289794921875e+01 2.000000000000000000e+01
-3.107490301132202148e+00 1.999740791320800781e+01
1.999635124206542969e+01 1.999991607666015625e+01
1.980416297912597656e+01 1.942027091979980469e+01
1.989261054992675781e+01 -2.895513772964477539e+00
1.990007209777832031e+01 -1.934409713745117188e+01
-2.000000000000000000e+01 -1.838297653198242188e+01
-1.999997711181640625e+01 -1.998282814025878906e+01
-8.808993339538574219e+00 -1.999783515930175781e+01
-1.451430797576904297e+01 -1.999908638000488281e+01
-1.999994850158691406e+01 1.977230644226074219e+01
2.000000000000000000e+01 2.000000000000000000e+01
1.996370124816894531e+01 -1.984173393249511719e+01
-1.489028215408325195e+00 1.386372470855712891e+01
1.999927330017089844e+01 1.988790893554687500e+01
1.998927116394042969e+01 -2.436473131179809570e+00
2.265209436416625977e+00 -1.983230972290039062e+01
-2.000000000000000000e+01 -1.999987602233886719e+01
-2.000000000000000000e+01 -2.000000000000000000e+01
-1.999999809265136719e+01 -1.999999427795410156e+01
-2.000000000000000000e+01 1.999920654296875000e+01
2.000000000000000000e+01 2.000000000000000000e+01
1.996069717407226562e+01 -1.999081420898437500e+01
-2.000000000000000000e+01 -2.000000000000000000e+01
-1.999889183044433594e+01 -1.999808502197265625e+01
-2.000000000000000000e+01 1.999999427795410156e+01
2.000000000000000000e+01 2.000000000000000000e+01
1.994167137145996094e+01 -1.526105880737304688e+01
-1.999822807312011719e+01 -1.999215126037597656e+01
-1.918307304382324219e+01 -1.172458648681640625e+01
-2.000000000000000000e+01 2.000000000000000000e+01
2.000000000000000000e+01 2.000000000000000000e+01
1.970248222351074219e+01 -1.947132492065429688e+01
-1.992091560363769531e+01 -1.252991104125976562e+01
-1.481089591979980469e+01 1.795788192749023438e+01
-1.997287750244140625e+01 2.000000000000000000e+01
-1.999999809265136719e+01 1.999997711181640625e+01
-2.000000000000000000e+01 1.999999618530273438e+01
-2.000000000000000000e+01 2.000000000000000000e+01
-2.000000000000000000e+01 2.000000000000000000e+01
-2.000000000000000000e+01 1.999999237060546875e+01
1.956453132629394531e+01 1.999639892578125000e+01
1.988946914672851562e+01 1.189060115814208984e+01
7.686069488525390625e+00 -1.965519714355468750e+01
1.776116180419921875e+01 -2.000000000000000000e+01
1.525434875488281250e+01 -2.000000000000000000e+01
1.988590240478515625e+01 -2.000000000000000000e+01
1.999264144897460938e+01 -2.000000000000000000e+01
1.998812866210937500e+01 -2.000000000000000000e+01
1.997539901733398438e+01 -2.000000000000000000e+01
1.999950027465820312e+01 -2.000000000000000000e+01
1.908542633056640625e+01 -2.000000000000000000e+01
-1.999966812133789062e+01 -2.000000000000000000e+01
-1.999999809265136719e+01 -2.000000000000000000e+01
-1.999565315246582031e+01 -1.901293873786926270e+00
-1.992731094360351562e+01 2.000000000000000000e+01
2.000000000000000000e+01 2.000000000000000000e+01
1.904960823059082031e+01 2.000000000000000000e+01
1.999321174621582031e+01 1.999999618530273438e+01
1.999876213073730469e+01 1.865930366516113281e+01
1.999337577819824219e+01 -1.736590576171875000e+01
-1.898650741577148438e+01 -1.978481864929199219e+01
-1.999886703491210938e+01 9.482482910156250000e+00
1.999952125549316406e+01 1.359957599639892578e+01
1.999891853332519531e+01 1.972704315185546875e+01
1.999297142028808594e+01 -8.307167053222656250e+00
-1.999410820007324219e+01 -1.976805496215820312e+01
-1.999996376037597656e+01 -1.999978065490722656e+01
-1.870386886596679688e+01 -1.993678283691406250e+01
-2.000000000000000000e+01 1.999996948242187500e+01
2.000000000000000000e+01 2.000000000000000000e+01
1.996872329711914062e+01 -1.984417724609375000e+01
-1.999999427795410156e+01 -1.999942398071289062e+01
-1.999845314025878906e+01 -1.824762153625488281e+01
-2.000000000000000000e+01 2.000000000000000000e+01
2.000000000000000000e+01 2.000000000000000000e+01
1.966762351989746094e+01 1.957048416137695312e+01
1.999999237060546875e+01 1.928039550781250000e+01
2.000000000000000000e+01 -1.684230995178222656e+01
-1.992613601684570312e+01 -1.995443344116210938e+01
-1.999987792968750000e+01 -1.999953651428222656e+01
-1.999774169921875000e+01 -1.972269821166992188e+01
-2.000000000000000000e+01 1.999999618530273438e+01
2.000000000000000000e+01 2.000000000000000000e+01
1.909904670715332031e+01 1.435821056365966797e+01
1.999996566772460938e+01 1.899743652343750000e+01
2.000000000000000000e+01 -1.844476890563964844e+01
-1.999998664855957031e+01 -1.977227973937988281e+01
-1.999998855590820312e+01 -1.999999809265136719e+01
-1.999999618530273438e+01 -1.991718673706054688e+01
-2.000000000000000000e+01 1.999990653991699219e+01
2.000000000000000000e+01 2.000000000000000000e+01
1.952310180664062500e+01 1.959856224060058594e+01
1.999997901916503906e+01 1.938766670227050781e+01
2.000000000000000000e+01 -1.766173171997070312e+01
-1.999946594238281250e+01 -1.988514328002929688e+01
-1.999993133544921875e+01 -1.999995803833007812e+01
-1.999993515014648438e+01 -1.965410423278808594e+01
-2.000000000000000000e+01 1.999997901916503906e+01
2.000000000000000000e+01 2.000000000000000000e+01
1.943341445922851562e+01 1.908810234069824219e+01
1.999999427795410156e+01 1.913236808776855469e+01
2.000000000000000000e+01 -1.808359718322753906e+01
-1.999874305725097656e+01 -1.990213012695312500e+01
-1.999988746643066406e+01 -1.999991035461425781e+01
-1.999996376037597656e+01 -1.959761428833007812e+01
-2.000000000000000000e+01 1.999992752075195312e+01
2.000000000000000000e+01 2.000000000000000000e+01
1.927499008178710938e+01 1.907229042053222656e+01
1.999999237060546875e+01 1.902669906616210938e+01
2.000000000000000000e+01 -1.832000732421875000e+01
-1.999789810180664062e+01 -1.991112899780273438e+01
-1.999981689453125000e+01 -1.999982643127441406e+01
-1.999997901916503906e+01 -1.948065948486328125e+01
-2.000000000000000000e+01 1.999981880187988281e+01
2.000000000000000000e+01 2.000000000000000000e+01
1.895988273620605469e+01 1.936661529541015625e+01
1.999999046325683594e+01 1.903061103820800781e+01
2.000000000000000000e+01 -1.840043640136718750e+01
-1.998758125305175781e+01 -1.993631362915039062e+01
-1.999962425231933594e+01 -1.999945640563964844e+01
-1.999998855590820312e+01 -1.946808624267578125e+01
-2.000000000000000000e+01 1.999949264526367188e+01
2.000000000000000000e+01 2.000000000000000000e+01
1.821962547302246094e+01 1.945704269409179688e+01
1.999998855590820312e+01 1.914188194274902344e+01
2.000000000000000000e+01 -1.833521461486816406e+01
-1.977812385559082031e+01 -1.996295738220214844e+01
-1.999897956848144531e+01 -1.999748611450195312e+01
-1.999999237060546875e+01 -1.929021072387695312e+01
-2.000000000000000000e+01 1.999751853942871094e+01
2.000000000000000000e+01 2.000000000000000000e+01
1.600504112243652344e+01 1.933364677429199219e+01
1.999993896484375000e+01 1.718351745605468750e+01
2.000000000000000000e+01 -1.775511932373046875e+01
-1.973376846313476562e+01 -1.996421051025390625e+01
-1.999756050109863281e+01 -1.998874473571777344e+01
-1.999999809265136719e+01 -1.799639892578125000e+01
-2.000000000000000000e+01 1.999298286437988281e+01
2.000000000000000000e+01 2.000000000000000000e+01
1.629586601257324219e+01 1.966253280639648438e+01
1.999995422363281250e+01 1.651469421386718750e+01
2.000000000000000000e+01 -1.833382415771484375e+01
-1.955406951904296875e+01 -1.996754074096679688e+01
-1.999792861938476562e+01 -1.998891448974609375e+01
-2.000000000000000000e+01 -1.966977310180664062e+01
-2.000000000000000000e+01 1.142244815826416016e+01
1.999999618530273438e+01 2.000000000000000000e+01
1.695826339721679688e+01 1.999988365173339844e+01
1.999984550476074219e+01 1.983559226989746094e+01
2.000000000000000000e+01 -1.734542655944824219e+01
-1.994782257080078125e+01 -1.995135688781738281e+01
-1.999911308288574219e+01 -1.991999626159667969e+01
-2.000000000000000000e+01 -1.696032333374023438e+01
-2.000000000000000000e+01 1.998671531677246094e+01
2.000000000000000000e+01 2.000000000000000000e+01
1.884147262573242188e+01 1.999800491333007812e+01
1.999999618530273438e+01 1.890349006652832031e+01
2.000000000000000000e+01 -1.819020462036132812e+01
-1.626489448547363281e+01 -1.997360801696777344e+01
-1.999971771240234375e+01 -1.992499351501464844e+01
-1.999999809265136719e+01 -1.991070365905761719e+01
-2.000000000000000000e+01 -1.132089042663574219e+01
-1.990239334106445312e+01 2.000000000000000000e+01
2.000000000000000000e+01 2.000000000000000000e+01
1.996618080139160156e+01 1.999968338012695312e+01
1.999999046325683594e+01 1.974742126464843750e+01
2.000000000000000000e+01 -1.706763267517089844e+01
1.564231777191162109e+01 -1.996912384033203125e+01
-2.000000000000000000e+01 -2.000000000000000000e+01
-1.999996566772460938e+01 -2.000000000000000000e+01
-2.000000000000000000e+01 -1.998468589782714844e+01
-2.000000000000000000e+01 1.999183464050292969e+01
2.000000000000000000e+01 2.000000000000000000e+01
1.311129665374755859e+01 2.000000000000000000e+01
1.999977684020996094e+01 1.999991226196289062e+01
2.000000000000000000e+01 1.465025806427001953e+01
2.000000000000000000e+01 -1.953070449829101562e+01
-1.999999809265136719e+01 -1.963460540771484375e+01
-1.999996376037597656e+01 -1.751660919189453125e+01
-1.999949073791503906e+01 1.998643112182617188e+01
-1.999514961242675781e+01 2.000000000000000000e+01
-1.062980270385742188e+01 2.000000000000000000e+01
-2.000000000000000000e+01 1.999997901916503906e+01
-2.000000000000000000e+01 2.000000000000000000e+01
-2.000000000000000000e+01 2.000000000000000000e+01
-2.000000000000000000e+01 2.000000000000000000e+01
-2.000000000000000000e+01 1.999998283386230469e+01
1.999998855590820312e+01 1.999890518188476562e+01
1.994353103637695312e+01 1.912437438964843750e+01
-1.101249885559082031e+01 -1.355039501190185547e+01
1.968003845214843750e+01 -1.999970245361328125e+01
1.817630577087402344e+01 -2.000000000000000000e+01
1.027167224884033203e+01 -2.000000000000000000e+01
1.879644584655761719e+01 -2.000000000000000000e+01
1.999135208129882812e+01 -2.000000000000000000e+01
1.999106216430664062e+01 -2.000000000000000000e+01
1.998127365112304688e+01 -2.000000000000000000e+01
1.995869636535644531e+01 -2.000000000000000000e+01
1.999986839294433594e+01 -2.000000000000000000e+01
-1.967091751098632812e+01 -2.000000000000000000e+01
-1.999999809265136719e+01 -2.000000000000000000e+01
-1.999999618530273438e+01 -1.999941825866699219e+01
5.581501960754394531e+00 1.999999809265136719e+01
-2.000000000000000000e+01 2.000000000000000000e+01
2.000000000000000000e+01 2.000000000000000000e+01
1.999327278137207031e+01 2.000000000000000000e+01
1.999990653991699219e+01 1.999981117248535156e+01
2.000000000000000000e+01 7.556950569152832031e+00
1.999996948242187500e+01 -1.948324775695800781e+01
-1.996811103820800781e+01 -1.989023017883300781e+01
-1.999980163574218750e+01 1.908875656127929688e+01
1.997172164916992188e+01 4.949912071228027344e+00
1.999942588806152344e+01 1.916024398803710938e+01
1.999964904785156250e+01 -1.374235057830810547e+01
-2.000000000000000000e+01 -1.923537445068359375e+01
-2.000000000000000000e+01 -1.999910163879394531e+01
-1.999741363525390625e+01 -8.928865432739257812e+00
-2.000000000000000000e+01 2.000000000000000000e+01
2.000000000000000000e+01 2.000000000000000000e+01
1.898723411560058594e+01 -1.235779666900634766e+01
-1.995132446289062500e+01 1.852550697326660156e+01
1.833947753906250000e+01 -1.996578598022460938e+01
-1.998245811462402344e+01 1.678490257263183594e+01
1.285115146636962891e+01 -1.987715911865234375e+01
-1.968112182617187500e+01 1.946558761596679688e+01
-1.586730480194091797e+01 -1.993545150756835938e+01
-2.000000000000000000e+01 1.999994468688964844e+01
-2.000000000000000000e+01 1.999872589111328125e+01
-2.000000000000000000e+01 1.999987792968750000e+01
-2.000000000000000000e+01 2.000000000000000000e+01
-2.000000000000000000e+01 1.999999809265136719e+01
-2.000000000000000000e+01 1.999967193603515625e+01
1.999994087219238281e+01 1.999234580993652344e+01
1.956103897094726562e+01 1.471930885314941406e+01
-1.344077491760253906e+01 -1.929226303100585938e+01
1.883609580993652344e+01 -2.000000000000000000e+01
-3.698784708976745605e-01 -2.000000000000000000e+01
-1.287732887268066406e+01 -2.000000000000000000e+01
-1.672372817993164062e+01 -2.000000000000000000e+01
1.015941619873046875e+01 -2.000000000000000000e+01
-7.567275047302246094e+00 -2.000000000000000000e+01
1.306859779357910156e+01 -2.000000000000000000e+01
1.995098304748535156e+01 -2.000000000000000000e+01
1.999612998962402344e+01 -2.000000000000000000e+01
1.998801422119140625e+01 -2.000000000000000000e+01
1.999956321716308594e+01 -2.000000000000000000e+01
1.901491928100585938e+01 -2.000000000000000000e+01
-1.999960136413574219e+01 -2.000000000000000000e+01
-1.999872589111328125e+01 -2.000000000000000000e+01
-1.714598083496093750e+01 1.999508094787597656e+01
1.099402236938476562e+01 2.000000000000000000e+01
1.536803054809570312e+01 2.000000000000000000e+01
1.999469566345214844e+01 2.000000000000000000e+01
1.603295326232910156e+01 1.999975776672363281e+01
9.594971656799316406e+00 1.525448989868164062e+01
1.006486129760742188e+01 8.912617683410644531e+00
-1.349914741516113281e+01 1.055241942405700684e+00
1.999732398986816406e+01 1.999807167053222656e+01
1.871351432800292969e+01 1.349903297424316406e+01
1.998375129699707031e+01 -1.643858528137207031e+01
-1.999871253967285156e+01 -1.912282943725585938e+01
-1.999908256530761719e+01 -1.969138336181640625e+01
1.828848075866699219e+01 -1.998666000366210938e+01
-2.000000000000000000e+01 -2.000000000000000000e+01
-6.860042572021484375e+00 -1.999990081787109375e+01
-1.998378944396972656e+01 -1.940178298950195312e+01
1.832382392883300781e+01 2.000000000000000000e+01
1.905198287963867188e+01 -1.988268661499023438e+01
-1.999999427795410156e+01 -2.000000000000000000e+01
-1.508182716369628906e+01 -1.797386169433593750e+01
-1.999788665771484375e+01 1.999999809265136719e+01
2.000000000000000000e+01 2.000000000000000000e+01
1.999994087219238281e+01 5.548614501953125000e+00
1.999732017517089844e+01 1.995314216613769531e+01
1.995906639099121094e+01 -3.294733524322509766e+00
1.931411552429199219e+01 -1.973418998718261719e+01
-2.000000000000000000e+01 -1.846699714660644531e+01
-2.000000000000000000e+01 -2.000000000000000000e+01
-1.018705272674560547e+01 -2.000000000000000000e+01
-1.999964523315429688e+01 -1.999703788757324219e+01
1.998436355590820312e+01 2.000000000000000000e+01
1.796930694580078125e+01 -1.999992561340332031e+01
-1.999999618530273438e+01 -2.000000000000000000e+01
-1.933127975463867188e+01 -1.998607444763183594e+01
-1.730272674560546875e+01 1.999999809265136719e+01
2.000000000000000000e+01 2.000000000000000000e+01
1.999995994567871094e+01 -1.460670375823974609e+01
2.243544340133666992e+00 -5.280637264251708984e+00
-1.905002593994140625e+01 -1.978894424438476562e+01
1.979078483581542969e+01 -1.939191246032714844e+01
-2.000000000000000000e+01 -2.000000000000000000e+01
-1.812750053405761719e+01 -1.996018218994140625e+01
-1.999973487854003906e+01 1.999999809265136719e+01
2.000000000000000000e+01 2.000000000000000000e+01
1.999996948242187500e+01 -1.449602890014648438e+01
-1.835787963867187500e+01 -1.205129528045654297e+01
1.996376609802246094e+01 1.834707069396972656e+01
9.607585906982421875e+00 1.422714328765869141e+01
1.989102172851562500e+01 -5.599367141723632812e+00
-1.999961471557617188e+01 -1.975509834289550781e+01
-1.999710083007812500e+01 -2.000000000000000000e+01
-1.913726997375488281e+01 -1.977841758728027344e+01
-1.999975395202636719e+01 2.000000000000000000e+01
2.000000000000000000e+01 2.000000000000000000e+01
1.999915885925292969e+01 -1.555115890502929688e+01
-1.999224472045898438e+01 -1.999961853027343750e+01
-1.881636428833007812e+01 -1.407339096069335938e+01
-1.999998855590820312e+01 2.000000000000000000e+01
2.000000000000000000e+01 2.000000000000000000e+01
1.999573135375976562e+01 2.916518449783325195e+00
1.999984359741210938e+01 1.901202964782714844e+01
2.000000000000000000e+01 -1.957892036437988281e+01
-1.999999046325683594e+01 -1.999979591369628906e+01
-1.999998474121093750e+01 -2.000000000000000000e+01
-1.999996376037597656e+01 -1.995107269287109375e+01
-1.999999809265136719e+01 2.000000000000000000e+01
2.000000000000000000e+01 2.000000000000000000e+01
1.999901962280273438e+01 1.999894332885742188e+01
1.999999237060546875e+01 1.989163589477539062e+01
2.000000000000000000e+01 -1.690452194213867188e+01
-1.995014190673828125e+01 -1.995093917846679688e+01
-1.999936676025390625e+01 -2.000000000000000000e+01
-1.990318489074707031e+01 -1.848984146118164062e+01
-1.999998855590820312e+01 2.000000000000000000e+01
2.000000000000000000e+01 2.000000000000000000e+01
1.999794769287109375e+01 1.986911201477050781e+01
2.000000000000000000e+01 1.946354293823242188e+01
2.000000000000000000e+01 -1.812089729309082031e+01
-1.578405761718750000e+01 -1.997910690307617188e+01
-1.999996566772460938e+01 -2.000000000000000000e+01
-1.998813247680664062e+01 -1.999980926513671875e+01
-2.000000000000000000e+01 1.999998855590820312e+01
2.000000000000000000e+01 2.000000000000000000e+01
1.999863433837890625e+01 1.993116760253906250e+01
2.000000000000000000e+01 1.923509788513183594e+01
2.000000000000000000e+01 -1.867006301879882812e+01
-1.995606231689453125e+01 -1.995661544799804688e+01
-1.999953842163085938e+01 -2.000000000000000000e+01
-1.998882102966308594e+01 -1.994999313354492188e+01
-1.999999618530273438e+01 2.000000000000000000e+01
2.000000000000000000e+01 2.000000000000000000e+01
1.999776077270507812e+01 1.982441711425781250e+01
2.000000190734863281e+01 1.935069465637207031e+01
2.000000000000000000e+01 -1.857971000671386719e+01
-1.990517425537109375e+01 -1.995652580261230469e+01
-1.999924850463867188e+01 -2.000000000000000000e+01
-1.998919105529785156e+01 -1.992759704589843750e+01
-2.000000000000000000e+01 2.000000000000000000e+01
2.000000000000000000e+01 2.000000000000000000e+01
1.999691390991210938e+01 1.981231498718261719e+01
2.000000000000000000e+01 1.924440765380859375e+01
2.000000000000000000e+01 -1.873314666748046875e+01
-1.989678573608398438e+01 -1.995721054077148438e+01
-1.999907684326171875e+01 -1.999999809265136719e+01
-1.999195289611816406e+01 -1.990833854675292969e+01
-2.000000000000000000e+01 1.999999809265136719e+01
2.000000000000000000e+01 2.000000000000000000e+01
1.999596786499023438e+01 1.985999298095703125e+01
2.000000000000000000e+01 1.919721221923828125e+01
2.000000000000000000e+01 -1.881199073791503906e+01
-1.988585662841796875e+01 -1.995801353454589844e+01
-1.999887657165527344e+01 -2.000000000000000000e+01
-1.999336242675781250e+01 -1.985984420776367188e+01
-2.000000000000000000e+01 2.000000000000000000e+01
2.000000000000000000e+01 2.000000000000000000e+01
1.999508094787597656e+01 1.990565681457519531e+01
2.000000000000000000e+01 1.918574523925781250e+01
2.000000000000000000e+01 -1.884668922424316406e+01
-1.985590362548828125e+01 -1.995981788635253906e+01
-1.999861145019531250e+01 -1.999999809265136719e+01
-1.999469375610351562e+01 -1.976699829101562500e+01
-2.000000000000000000e+01 1.999999809265136719e+01
2.000000000000000000e+01 2.000000000000000000e+01
1.999443626403808594e+01 1.993511390686035156e+01
2.000000000000000000e+01 1.917845153808593750e+01
2.000000000000000000e+01 -1.886985969543457031e+01
-1.980163192749023438e+01 -1.996216773986816406e+01
-1.999828529357910156e+01 -1.999999618530273438e+01
-1.999558639526367188e+01 -1.961647224426269531e+01
-2.000000000000000000e+01 2.000000000000000000e+01
2.000000000000000000e+01 2.000000000000000000e+01
1.999367332458496094e+01 1.995220947265625000e+01
2.000000000000000000e+01 1.915791511535644531e+01
2.000000000000000000e+01 -1.889478874206542969e+01
-1.971676063537597656e+01 -1.996462631225585938e+01
-1.999791717529296875e+01 -1.999999046325683594e+01
-1.999633026123046875e+01 -1.942152595520019531e+01
-2.000000000000000000e+01 2.000000000000000000e+01
2.000000000000000000e+01 2.000000000000000000e+01
1.999267387390136719e+01 1.996174049377441406e+01
2.000000000000000000e+01 1.911748313903808594e+01
2.000000000000000000e+01 -1.892734718322753906e+01
-1.962271308898925781e+01 -1.996649551391601562e+01
-1.999751663208007812e+01 -1.999998092651367188e+01
-1.999703979492187500e+01 -1.919943428039550781e+01
-2.000000000000000000e+01 2.000000000000000000e+01
2.000000000000000000e+01 2.000000000000000000e+01
1.999129486083984375e+01 1.996662712097167969e+01
2.000000000000000000e+01 1.905566596984863281e+01
2.000000000000000000e+01 -1.896490859985351562e+01
-1.955773735046386719e+01 -1.996748924255371094e+01
-1.999698066711425781e+01 -1.999995994567871094e+01
-1.999766159057617188e+01 -1.892273521423339844e+01
-2.000000000000000000e+01 2.000000000000000000e+01
2.000000000000000000e+01 2.000000000000000000e+01
1.998933601379394531e+01 1.996686744689941406e+01
2.000000000000000000e+01 1.895963287353515625e+01
2.000000000000000000e+01 -1.901826667785644531e+01
-1.949856758117675781e+01 -1.996825790405273438e+01
-1.999632072448730469e+01 -1.999992752075195312e+01
-1.999824714660644531e+01 -1.865850830078125000e+01
-2.000000000000000000e+01 1.999999809265136719e+01
2.000000000000000000e+01 2.000000000000000000e+01
1.998643684387207031e+01 1.996487998962402344e+01
2.000000000000000000e+01 1.885307884216308594e+01
2.000000000000000000e+01 -1.907834243774414062e+01
-1.945804214477539062e+01 -1.996872138977050781e+01
-1.999546241760253906e+01 -1.999986839294433594e+01
-1.999874305725097656e+01 -1.839748191833496094e+01
-2.000000000000000000e+01 1.999999809265136719e+01
2.000000000000000000e+01 2.000000000000000000e+01
1.998174285888671875e+01 1.996076774597167969e+01
2.000000000000000000e+01 1.872423744201660156e+01
2.000000000000000000e+01 -1.907524681091308594e+01
-1.938750076293945312e+01 -1.996944236755371094e+01
-1.999461746215820312e+01 -1.999978065490722656e+01
-1.999910163879394531e+01 -1.828422546386718750e+01
-2.000000000000000000e+01 1.999999237060546875e+01
2.000000000000000000e+01 2.000000000000000000e+01
1.997333908081054688e+01 1.996154975891113281e+01
2.000000000000000000e+01 1.858968353271484375e+01
2.000000000000000000e+01 -1.904712867736816406e+01
-1.929483795166015625e+01 -1.997025108337402344e+01
-1.999410247802734375e+01 -1.999966430664062500e+01
-1.999939155578613281e+01 -1.827501678466796875e+01
-2.000000000000000000e+01 1.999998092651367188e+01
2.000000000000000000e+01 2.000000000000000000e+01
1.996306610107421875e+01 1.996407890319824219e+01
2.000000000000000000e+01 1.848879051208496094e+01
2.000000000000000000e+01 -1.901530456542968750e+01
-1.923096847534179688e+01 -1.997074127197265625e+01
-1.999370384216308594e+01 -1.999949264526367188e+01
-1.999951934814453125e+01 -1.760058975219726562e+01
-2.000000000000000000e+01 1.999998092651367188e+01
2.000000000000000000e+01 2.000000000000000000e+01
1.993903160095214844e+01 1.995869636535644531e+01
2.000000000000000000e+01 1.822120857238769531e+01
2.000000000000000000e+01 -1.898852157592773438e+01
-1.878609085083007812e+01 -1.997319984436035156e+01
-1.999517250061035156e+01 -1.999945449829101562e+01
-1.999962425231933594e+01 -1.809258460998535156e+01
-2.000000000000000000e+01 1.999987602233886719e+01
2.000000000000000000e+01 2.000000000000000000e+01
1.993627738952636719e+01 1.996070289611816406e+01
2.000000000000000000e+01 1.816727447509765625e+01
2.000000000000000000e+01 -1.897873497009277344e+01
-1.937984085083007812e+01 -1.996951484680175781e+01
-1.999362182617187500e+01 -1.999900817871093750e+01
-1.999979209899902344e+01 -1.460649013519287109e+01
-2.000000000000000000e+01 1.999999618530273438e+01
2.000000000000000000e+01 2.000000000000000000e+01
1.983101463317871094e+01 1.979388236999511719e+01
2.000000000000000000e+01 1.685607528686523438e+01
2.000000000000000000e+01 -1.897068214416503906e+01
-1.772001457214355469e+01 -1.997631645202636719e+01
-1.999853897094726562e+01 -1.999970245361328125e+01
-1.999989318847656250e+01 -1.956594085693359375e+01
-2.000000000000000000e+01 1.996037483215332031e+01
2.000000000000000000e+01 2.000000000000000000e+01
1.986725044250488281e+01 1.997534561157226562e+01
2.000000000000000000e+01 1.785877609252929688e+01
2.000000000000000000e+01 -1.898009872436523438e+01
-1.991868209838867188e+01 -1.995524978637695312e+01
-1.999608993530273438e+01 -1.999913024902343750e+01
-1.999996376037597656e+01 -1.022158432006835938e+01
-2.000000000000000000e+01 2.000000000000000000e+01
2.000000000000000000e+01 2.000000000000000000e+01
1.963071441650390625e+01 1.859766006469726562e+01
2.000000000000000000e+01 1.448894500732421875e+01
2.000000000000000000e+01 -1.900290107727050781e+01
-1.876311492919921875e+01 -1.997329902648925781e+01
-1.999853134155273438e+01 -1.999961853027343750e+01
-1.999998855590820312e+01 -1.965686988830566406e+01
-2.000000000000000000e+01 1.936543655395507812e+01
2.000000000000000000e+01 2.000000000000000000e+01
1.974729728698730469e+01 1.998990631103515625e+01
2.000000000000000000e+01 1.766442680358886719e+01
2.000000000000000000e+01 -1.886918258666992188e+01
-1.985564422607421875e+01 -1.995983123779296875e+01
-1.999788856506347656e+01 -1.999894905090332031e+01
-1.999999237060546875e+01 -1.515234184265136719e+01
-2.000000000000000000e+01 1.999991226196289062e+01
2.000000000000000000e+01 2.000000000000000000e+01
1.970241737365722656e+01 1.996113586425781250e+01
2.000000000000000000e+01 1.714241790771484375e+01
2.000000000000000000e+01 -1.877510833740234375e+01
-1.820242118835449219e+01 -1.997517776489257812e+01
-1.999810791015625000e+01 -1.999738502502441406e+01
-1.999997901916503906e+01 -1.899049377441406250e+01
-2.000000000000000000e+01 1.982583808898925781e+01
2.000000000000000000e+01 2.000000000000000000e+01
1.976144981384277344e+01 1.999398231506347656e+01
2.000000000000000000e+01 1.746410560607910156e+01
2.000000000000000000e+01 -1.879439353942871094e+01
-1.951212310791015625e+01 -1.996809196472167969e+01
-1.999789047241210938e+01 -1.999557113647460938e+01
-1.999998855590820312e+01 -1.459165477752685547e+01
-2.000000000000000000e+01 1.999988937377929688e+01
2.000000000000000000e+01 2.000000000000000000e+01
1.970106697082519531e+01 1.997920227050781250e+01
2.000000000000000000e+01 1.667963790893554688e+01
2.000000000000000000e+01 -1.872398567199707031e+01
-1.806243515014648438e+01 -1.997554016113281250e+01
-1.999857139587402344e+01 -1.999314880371093750e+01
-1.999998474121093750e+01 -1.938041496276855469e+01
-2.000000000000000000e+01 1.874796295166015625e+01
2.000000000000000000e+01 2.000000000000000000e+01
1.970711517333984375e+01 1.999926376342773438e+01
2.000000000000000000e+01 1.789441871643066406e+01
2.000000000000000000e+01 -1.869807243347167969e+01
-1.969746780395507812e+01 -1.996506500244140625e+01
-1.999828720092773438e+01 -1.998614692687988281e+01
-1.999999618530273438e+01 -1.310240840911865234e+01
-2.000000000000000000e+01 1.999998092651367188e+01
2.000000000000000000e+01 2.000000000000000000e+01
1.960590171813964844e+01 1.998718643188476562e+01
2.000000000000000000e+01 1.649349594116210938e+01
2.000000000000000000e+01 -1.862093925476074219e+01
-1.703110885620117188e+01 -1.997754096984863281e+01
-1.999930191040039062e+01 -1.998398590087890625e+01
-1.999998855590820312e+01 -1.985630226135253906e+01
-2.000000000000000000e+01 7.739241600036621094e+00
1.999271011352539062e+01 2.000000000000000000e+01
1.377311134338378906e+01 1.999997711181640625e+01
1.999989318847656250e+01 1.998658943176269531e+01
2.000000000000000000e+01 -1.308147525787353516e+01
-1.120676612854003906e+01 -1.995094680786132812e+01
-1.999998855590820312e+01 -1.998118972778320312e+01
-1.999996948242187500e+01 -1.987623023986816406e+01
-2.000000000000000000e+01 1.995434379577636719e+01
2.000000000000000000e+01 2.000000000000000000e+01
1.982057189941406250e+01 1.999997329711914062e+01
2.000000000000000000e+01 1.942752456665039062e+01
2.000000000000000000e+01 -1.847052001953125000e+01
-1.996042633056640625e+01 -1.994876480102539062e+01
-1.999693107604980469e+01 -1.820601654052734375e+01
-1.999984169006347656e+01 1.982090568542480469e+01
-1.998893928527832031e+01 2.000000000000000000e+01
-1.999793815612792969e+01 2.000000000000000000e+01
-2.000000000000000000e+01 1.999999809265136719e+01
-2.000000000000000000e+01 2.000000000000000000e+01
-2.000000000000000000e+01 2.000000000000000000e+01
-2.000000000000000000e+01 2.000000000000000000e+01
1.018836402893066406e+01 1.999890327453613281e+01
1.999330520629882812e+01 1.975353813171386719e+01
-8.883610367774963379e-01 -1.431532955169677734e+01
1.818651580810546875e+01 -2.000000000000000000e+01
5.522973060607910156e+00 -2.000000000000000000e+01
-5.601751804351806641e-01 -2.000000000000000000e+01
1.178358459472656250e+01 -2.000000000000000000e+01
1.997506141662597656e+01 -2.000000000000000000e+01
1.998948860168457031e+01 -2.000000000000000000e+01
1.997561454772949219e+01 -2.000000000000000000e+01
1.995199584960937500e+01 -2.000000000000000000e+01
1.999999427795410156e+01 -2.000000000000000000e+01
-1.701248741149902344e+01 -2.000000000000000000e+01
-1.999994468688964844e+01 -2.000000000000000000e+01
-1.999943161010742188e+01 -1.998917770385742188e+01
1.975746917724609375e+01 2.000000000000000000e+01
-1.999971008300781250e+01 1.510626602172851562e+01
-1.972010803222656250e+01 2.000000000000000000e+01
2.000000000000000000e+01 2.000000000000000000e+01
1.999943542480468750e+01 1.999999809265136719e+01
2.000000000000000000e+01 1.999182891845703125e+01
2.000000000000000000e+01 4.813069820404052734e+00
2.000000000000000000e+01 -1.976025009155273438e+01
-1.999973869323730469e+01 -1.986871337890625000e+01
-1.999992179870605469e+01 4.909685134887695312e+00
1.998838806152343750e+01 1.999999809265136719e+01
1.999821662902832031e+01 1.971173095703125000e+01
1.999978256225585938e+01 -1.518947505950927734e+01
-2.000000000000000000e+01 -1.938279533386230469e+01
-2.000000000000000000e+01 -1.999578666687011719e+01
-1.996257972717285156e+01 1.953820419311523438e+01
-5.658831596374511719e-01 2.000000000000000000e+01
1.999919700622558594e+01 8.378700256347656250e+00
1.999997329711914062e+01 -7.220240592956542969e+00
-1.026354789733886719e+01 -1.415753269195556641e+01
-1.995826339721679688e+01 9.312885284423828125e+00
1.973492622375488281e+01 -1.124741077423095703e+01
-1.999160385131835938e+01 -1.692933082580566406e+01
-1.988130378723144531e+01 1.837644767761230469e+01
-1.998646354675292969e+01 2.000000000000000000e+01
-2.000000000000000000e+01 2.000000000000000000e+01
-2.000000000000000000e+01 2.000000000000000000e+01
-2.000000000000000000e+01 2.000000000000000000e+01
-2.000000000000000000e+01 2.000000000000000000e+01
-2.000000000000000000e+01 1.999999809265136719e+01
-1.977229881286621094e+01 1.999570465087890625e+01
1.999998283386230469e+01 1.999814224243164062e+01
1.955535697937011719e+01 1.772355270385742188e+01
-1.641304397583007812e+01 -1.715688514709472656e+01
1.961017227172851562e+01 -2.000000000000000000e+01
1.644347953796386719e+01 -2.000000000000000000e+01
4.916114330291748047e+00 -2.000000000000000000e+01
1.674308776855468750e+01 -2.000000000000000000e+01
1.999381637573242188e+01 -2.000000000000000000e+01
1.999792289733886719e+01 -2.000000000000000000e+01
1.999379348754882812e+01 -2.000000000000000000e+01
1.998484420776367188e+01 -2.000000000000000000e+01
1.999993896484375000e+01 -2.000000000000000000e+01
1.982123947143554688e+01 -2.000000000000000000e+01
-1.997571563720703125e+01 -2.000000000000000000e+01
-1.999998474121093750e+01 -2.000000000000000000e+01
-1.998177719116210938e+01 1.158312892913818359e+01
-1.998664855957031250e+01 2.000000000000000000e+01
2.000000000000000000e+01 2.000000000000000000e+01
1.995367813110351562e+01 2.000000000000000000e+01
1.999872398376464844e+01 1.999909210205078125e+01
2.000000000000000000e+01 -1.231027603149414062e+00
1.539630317687988281e+01 -1.976839256286621094e+01
-2.000000000000000000e+01 -1.999611282348632812e+01
-2.000000000000000000e+01 -1.999997901916503906e+01
-1.999966049194335938e+01 1.999142074584960938e+01
1.987467002868652344e+01 2.000000000000000000e+01
1.999942016601562500e+01 1.999909019470214844e+01
1.999990653991699219e+01 1.940367507934570312e+01
1.999911499023437500e+01 -1.039422225952148438e+01
-1.999994468688964844e+01 -1.976199722290039062e+01
-1.999999237060546875e+01 -1.999542045593261719e+01
-1.985659980773925781e+01 4.628469467163085938e+00
-1.999959754943847656e+01 2.000000000000000000e+01
1.999998855590820312e+01 2.000000000000000000e+01
1.999350929260253906e+01 -1.999996566772460938e+01
-1.989107513427734375e+01 1.610527276992797852e+00
1.977460479736328125e+01 1.652874374389648438e+01
1.999998855590820312e+01 1.544322848320007324e+00
1.617735481262207031e+01 -1.983242607116699219e+01
-2.000000000000000000e+01 -1.999984550476074219e+01
-2.000000000000000000e+01 -2.000000000000000000e+01
-2.000000000000000000e+01 -1.792830276489257812e+01
-2.000000000000000000e+01 2.000000000000000000e+01
2.000000000000000000e+01 2.000000000000000000e+01
1.959896850585937500e+01 1.994389533996582031e+01
1.997549819946289062e+01 1.994964218139648438e+01
1.999826049804687500e+01 -1.065962028503417969e+01
-2.000000000000000000e+01 -1.962601280212402344e+01
-1.999999237060546875e+01 -1.999990653991699219e+01
-1.999786567687988281e+01 -5.365832328796386719e+00
-1.999997520446777344e+01 2.000000000000000000e+01
2.000000000000000000e+01 2.000000000000000000e+01
1.997233009338378906e+01 -1.996255302429199219e+01
-1.999966049194335938e+01 -1.910409736633300781e+01
-1.997572898864746094e+01 1.497946643829345703e+01
-1.999989318847656250e+01 2.000000000000000000e+01
-1.999988746643066406e+01 2.000000000000000000e+01
-2.000000000000000000e+01 2.000000000000000000e+01
-2.000000000000000000e+01 2.000000000000000000e+01
-2.000000000000000000e+01 2.000000000000000000e+01
-2.000000000000000000e+01 2.000000000000000000e+01
-2.000000000000000000e+01 1.999944305419921875e+01
1.999996948242187500e+01 1.999594688415527344e+01
1.928467559814453125e+01 1.360930919647216797e+01
-1.576599311828613281e+01 -1.951320457458496094e+01
1.868171310424804688e+01 -2.000000000000000000e+01
2.915398597717285156e+00 -2.000000000000000000e+01
-4.687760829925537109e+00 -2.000000000000000000e+01
-2.621238470077514648e+00 -2.000000000000000000e+01
1.380224943161010742e+00 -2.000000000000000000e+01
1.890237808227539062e+01 -2.000000000000000000e+01
1.999586296081542969e+01 -2.000000000000000000e+01
1.999365043640136719e+01 -2.000000000000000000e+01
1.998064804077148438e+01 -2.000000000000000000e+01
1.999997711181640625e+01 -2.000000000000000000e+01
1.548718261718750000e+01 -2.000000000000000000e+01
-1.999999809265136719e+01 -2.000000000000000000e+01
-1.999781799316406250e+01 -2.000000000000000000e+01
-1.781052970886230469e+01 1.999983024597167969e+01
6.303915381431579590e-01 2.000000000000000000e+01
-8.892337799072265625e+00 2.000000000000000000e+01
2.000000000000000000e+01 2.000000000000000000e+01
1.999998283386230469e+01 1.998602104187011719e+01
2.000000000000000000e+01 1.983068847656250000e+01
2.000000000000000000e+01 -1.216815471649169922e+01
1.991667556762695312e+01 -1.995427703857421875e+01
-2.000000000000000000e+01 -1.999998855590820312e+01
-2.000000000000000000e+01 -2.000000000000000000e+01
-1.999711990356445312e+01 1.950739669799804688e+01
1.077440357208251953e+01 2.000000000000000000e+01
1.998209953308105469e+01 1.995551300048828125e+01
1.999999809265136719e+01 1.988880348205566406e+01
2.000000000000000000e+01 -8.740272521972656250e+00
1.809922409057617188e+01 -1.993093109130859375e+01
-2.000000000000000000e+01 -1.999997329711914062e+01
-2.000000000000000000e+01 -2.000000000000000000e+01
-1.999997711181640625e+01 -1.735764312744140625e+01
-1.999998092651367188e+01 2.000000000000000000e+01
2.000000000000000000e+01 2.000000000000000000e+01
1.999966812133789062e+01 1.999885368347167969e+01
1.999979400634765625e+01 1.997990036010742188e+01
1.999873161315917969e+01 -4.404129505157470703e+00
-8.973812103271484375e+00 -1.980871391296386719e+01
-2.000000000000000000e+01 -1.999975585937500000e+01
-1.996575927734375000e+01 -1.999949836730957031e+01
-1.999999809265136719e+01 1.999985885620117188e+01
2.000000000000000000e+01 2.000000000000000000e+01
1.999987602233886719e+01 -8.092893600463867188e+00
-1.999808883666992188e+01 -1.980136680603027344e+01
-6.654503822326660156e+00 2.454641342163085938e+00
-6.749913692474365234e+00 1.986568260192871094e+01
1.620641517639160156e+01 1.628249931335449219e+01
1.999999237060546875e+01 -1.999694824218750000e+01
-1.999998855590820312e+01 -1.999785995483398438e+01
-1.997678184509277344e+01 -1.999847221374511719e+01
-2.000000000000000000e+01 1.999967193603515625e+01
2.000000000000000000e+01 2.000000000000000000e+01
1.999137115478515625e+01 9.639060020446777344e+00
1.999979209899902344e+01 1.422585868835449219e+01
1.999993515014648438e+01 -1.962409782409667969e+01
-2.000000000000000000e+01 -1.999986457824707031e+01
-2.000000000000000000e+01 -2.000000000000000000e+01
-2.000000000000000000e+01 -1.991550827026367188e+01
-2.000000000000000000e+01 2.000000000000000000e+01
2.000000000000000000e+01 2.000000000000000000e+01
1.999678611755371094e+01 1.999786567687988281e+01
1.999949264526367188e+01 1.992572021484375000e+01
1.999998092651367188e+01 -1.514739131927490234e+01
-1.999996948242187500e+01 -1.980068016052246094e+01
-1.999998283386230469e+01 -1.999999427795410156e+01
-1.999492835998535156e+01 -1.164155387878417969e+01
-1.999994659423828125e+01 2.000000000000000000e+01
2.000000000000000000e+01 2.000000000000000000e+01
1.999375915527343750e+01 1.848170280456542969e+01
2.000000000000000000e+01 1.822888183593750000e+01
2.000000000000000000e+01 -1.770395851135253906e+01
-1.996053695678710938e+01 -1.994873809814453125e+01
-1.999994277954101562e+01 -1.999999046325683594e+01
-1.999391174316406250e+01 -1.938278388977050781e+01
-2.000000000000000000e+01 2.000000000000000000e+01
2.000000000000000000e+01 2.000000000000000000e+01
1.999013328552246094e+01 1.797180366516113281e+01
1.999999237060546875e+01 1.751780509948730469e+01
2.000000000000000000e+01 -1.887385749816894531e+01
-1.999979209899902344e+01 -1.986311340332031250e+01
-1.999998855590820312e+01 -2.000000000000000000e+01
-1.999991798400878906e+01 -1.977325057983398438e+01
-2.000000000000000000e+01 2.000000000000000000e+01
2.000000000000000000e+01 2.000000000000000000e+01
1.999166488647460938e+01 1.984388160705566406e+01
1.999998474121093750e+01 1.860964012145996094e+01
2.000000000000000000e+01 -1.857335662841796875e+01
-1.999946975708007812e+01 -1.988491821289062500e+01
-1.999998283386230469e+01 -2.000000000000000000e+01
-1.999980545043945312e+01 -1.926456642150878906e+01
-2.000000000000000000e+01 2.000000000000000000e+01
2.000000000000000000e+01 2.000000000000000000e+01
1.999299621582031250e+01 1.984079170227050781e+01
1.999999046325683594e+01 1.856608581542968750e+01
2.000000000000000000e+01 -1.858852195739746094e+01
-1.999886322021484375e+01 -1.990029525756835938e+01
-1.999997520446777344e+01 -1.999999809265136719e+01
-1.999975204467773438e+01 -1.852117347717285156e+01
-2.000000000000000000e+01 2.000000000000000000e+01
2.000000000000000000e+01 2.000000000000000000e+01
1.999261856079101562e+01 1.974369049072265625e+01
1.999999618530273438e+01 1.823883247375488281e+01
2.000000000000000000e+01 -1.876092338562011719e+01
-1.999828147888183594e+01 -1.990772438049316406e+01
-1.999996185302734375e+01 -1.999999809265136719e+01
-1.999981880187988281e+01 -1.796622085571289062e+01
-2.000000000000000000e+01 2.000000000000000000e+01
2.000000000000000000e+01 2.000000000000000000e+01
1.998953628540039062e+01 1.967498588562011719e+01
1.999999809265136719e+01 1.782223510742187500e+01
2.000000000000000000e+01 -1.892602729797363281e+01
-1.999812126159667969e+01 -1.990924453735351562e+01
-1.999995613098144531e+01 -1.999999809265136719e+01
-1.999989891052246094e+01 -1.748971176147460938e+01
-2.000000000000000000e+01 2.000000000000000000e+01
2.000000000000000000e+01 2.000000000000000000e+01
1.998479080200195312e+01 1.963772583007812500e+01
1.999999809265136719e+01 1.742517852783203125e+01
2.000000000000000000e+01 -1.905493545532226562e+01
-1.999816513061523438e+01 -1.990887832641601562e+01
-1.999994659423828125e+01 -1.999999427795410156e+01
-1.999994659423828125e+01 -1.679754447937011719e+01
-2.000000000000000000e+01 2.000000000000000000e+01
2.000000000000000000e+01 2.000000000000000000e+01
1.997675514221191406e+01 1.958075904846191406e+01
1.999999809265136719e+01 1.693138885498046875e+01
2.000000000000000000e+01 -1.917168617248535156e+01
-1.999822425842285156e+01 -1.990827751159667969e+01
-1.999993515014648438e+01 -1.999999237060546875e+01
-1.999996757507324219e+01 -1.594642543792724609e+01
-2.000000000000000000e+01 2.000000000000000000e+01
2.000000000000000000e+01 2.000000000000000000e+01
1.996566581726074219e+01 1.946671676635742188e+01
2.000000000000000000e+01 1.626034927368164062e+01
2.000000000000000000e+01 -1.929308509826660156e+01
-1.999879264831542969e+01 -1.990143394470214844e+01
-1.999992561340332031e+01 -1.999999046325683594e+01
-1.999998664855957031e+01 -1.506508636474609375e+01
-2.000000000000000000e+01 2.000000000000000000e+01
2.000000000000000000e+01 2.000000000000000000e+01
1.994525337219238281e+01 1.949698257446289062e+01
2.000000000000000000e+01 1.552652931213378906e+01
2.000000000000000000e+01 -1.939132881164550781e+01
-1.999917984008789062e+01 -1.989398574829101562e+01
-1.999991226196289062e+01 -1.999998474121093750e+01
-1.999999427795410156e+01 -1.397151088714599609e+01
-2.000000000000000000e+01 2.000000000000000000e+01
2.000000000000000000e+01 2.000000000000000000e+01
1.990339088439941406e+01 1.947809982299804688e+01
2.000000000000000000e+01 1.461797809600830078e+01
2.000000000000000000e+01 -1.948971557617187500e+01
-1.999948120117187500e+01 -1.988452148437500000e+01
-1.999988937377929688e+01 -1.999998092651367188e+01
-1.999999809265136719e+01 -1.317533493041992188e+01
-2.000000000000000000e+01 2.000000000000000000e+01
2.000000000000000000e+01 2.000000000000000000e+01
1.983342361450195312e+01 1.944225883483886719e+01
2.000000000000000000e+01 1.393496608734130859e+01
2.000000000000000000e+01 -1.952073287963867188e+01
-1.999961090087890625e+01 -1.987802696228027344e+01
-1.999984550476074219e+01 -1.999997520446777344e+01
-1.999999809265136719e+01 -1.195853805541992188e+01
-2.000000000000000000e+01 2.000000000000000000e+01
2.000000000000000000e+01 2.000000000000000000e+01
1.965653610229492188e+01 1.926246452331542969e+01
2.000000000000000000e+01 1.336985397338867188e+01
2.000000000000000000e+01 -1.947180747985839844e+01
-1.999948120117187500e+01 -1.988450813293457031e+01
-1.999971771240234375e+01 -1.999993324279785156e+01
-2.000000190734863281e+01 -1.147348403930664062e+01
-2.000000000000000000e+01 2.000000000000000000e+01
2.000000000000000000e+01 2.000000000000000000e+01
1.931246948242187500e+01 1.896668624877929688e+01
2.000000000000000000e+01 1.312566184997558594e+01
2.000000000000000000e+01 -1.938486480712890625e+01
-1.999911117553710938e+01 -1.989557647705078125e+01
-1.999961662292480469e+01 -1.999983978271484375e+01
-2.000000000000000000e+01 -1.610940170288085938e+01
-2.000000000000000000e+01 1.999997901916503906e+01
2.000000000000000000e+01 2.000000000000000000e+01
1.956907081604003906e+01 1.986170196533203125e+01
2.000000000000000000e+01 1.495891571044921875e+01
2.000000000000000000e+01 -1.927792549133300781e+01
-1.999864196777343750e+01 -1.990354347229003906e+01
-1.999957466125488281e+01 -1.999948310852050781e+01
-2.000000000000000000e+01 -9.518269538879394531e+00
-2.000000000000000000e+01 2.000000000000000000e+01
2.000000000000000000e+01 2.000000000000000000e+01
1.912909507751464844e+01 1.752898788452148438e+01
2.000000000000000000e+01 1.249087238311767578e+01
2.000000000000000000e+01 -1.926717185974121094e+01
-1.999874877929687500e+01 -1.990207290649414062e+01
-1.999979400634765625e+01 -1.999945068359375000e+01
-2.000000000000000000e+01 -1.789768600463867188e+01
-2.000000000000000000e+01 1.999904441833496094e+01
2.000000000000000000e+01 2.000000000000000000e+01
1.932289505004882812e+01 1.997784805297851562e+01
1.999999809265136719e+01 1.673460006713867188e+01
2.000000000000000000e+01 -1.906993675231933594e+01
-1.998110961914062500e+01 -1.994113159179687500e+01
-1.999925804138183594e+01 -1.999371337890625000e+01
-2.000000000000000000e+01 -2.820432186126708984e+00
-2.000000000000000000e+01 2.000000000000000000e+01
2.000000000000000000e+01 2.000000000000000000e+01
1.997193717956542969e+01 -1.952628135681152344e+01
-1.935559844970703125e+01 1.161228370666503906e+01
1.986536788940429688e+01 1.997154426574707031e+01
2.000000000000000000e+01 2.161637783050537109e+00
1.999999809265136719e+01 -1.976822090148925781e+01
-2.000000000000000000e+01 -1.999981117248535156e+01
-2.000000000000000000e+01 -2.000000000000000000e+01
-2.000000000000000000e+01 -1.999485206604003906e+01
-2.000000000000000000e+01 1.998592758178710938e+01
2.000000000000000000e+01 2.000000000000000000e+01
1.927640724182128906e+01 1.999999237060546875e+01
1.999999427795410156e+01 1.991217422485351562e+01
2.000000000000000000e+01 -1.778301048278808594e+01
-1.999726867675781250e+01 -1.991539955139160156e+01
-1.999939346313476562e+01 -1.965015220642089844e+01
-1.999999237060546875e+01 1.995661163330078125e+01
-1.999585723876953125e+01 2.000000000000000000e+01
-1.950859069824218750e+01 2.000000000000000000e+01
-2.000000000000000000e+01 2.000000000000000000e+01
-2.000000000000000000e+01 2.000000000000000000e+01
-2.000000000000000000e+01 2.000000000000000000e+01
-2.000000000000000000e+01 1.999999809265136719e+01
-1.999989700317382812e+01 1.999965858459472656e+01
1.999999427795410156e+01 1.999925804138183594e+01
1.985235977172851562e+01 1.866229820251464844e+01
-1.384123420715332031e+01 -1.571552085876464844e+01
1.958858108520507812e+01 -1.999999809265136719e+01
1.720356178283691406e+01 -2.000000000000000000e+01
9.592337608337402344e+00 -2.000000000000000000e+01
1.914196586608886719e+01 -2.000000000000000000e+01
1.999462127685546875e+01 -2.000000000000000000e+01
1.999542045593261719e+01 -2.000000000000000000e+01
1.998836135864257812e+01 -2.000000000000000000e+01
1.997323608398437500e+01 -2.000000000000000000e+01
1.999999618530273438e+01 -2.000000000000000000e+01
