0.0,	0.26746743944746415,	nan,	-2376.5556394420555,	0
0.05,	0.26363208612410666,	0.1309410340738346,	-2407.773794671849,	210.524846022603
0.1,	0.36267273164119573,	0.2632106008329495,	-2499.1749938710445,	413.20086588035747
0.15000000000000002,	0.4985080195334516,	0.3525077388201106,	-2563.6696120467077,	538.9973262814374
0.2,	0.6361945253727057,	0.4026916165478674,	-2733.6749749076344,	668.2117388671229
0.25,	0.7633390710287496,	0.5068474684783567,	-2844.9076860696537,	796.3703418346445
0.30000000000000004,	0.8941405942230292,	0.5775595215798696,	-2927.620969060014,	852.182670196769
0.35000000000000003,	1.0293848286748533,	0.6757468292332843,	-3113.4027260648704,	927.8486496348061
0.4,	1.1289839113475906,	0.7455135018950181,	-3262.651244517023,	996.0443900582912
0.45,	1.3514609336518102,	0.8900643386524157,	-3495.3159938336935,	1065.609156770164
0.5,	1.42923435733821,	0.9331332627746032,	-3592.6144724440414,	1116.261863238523
