0.0,	0.982847230405167,	nan,	-4396.147138802581,	0.0004064577982144313
0.004,	1.346972533377218,	0.609580359790935,	-4658.383475494587,	511.0193303596972
0.008,	1.9385157673069346,	0.9457690597177927,	-5663.024658864377,	1273.4876682690942
0.012,	2.6141723735903057,	1.524814866201806,	-6521.331528478891,	1628.0601210973352
0.016,	3.2749773983782897,	1.9343784945854938,	-7189.7366299379155,	1828.216276905545
0.02,	3.923569141942126,	2.0169227420038305,	-7898.2029552705935,	1962.809928777377
0.024,	4.151148677073196,	2.0765931222824743,	-8671.231282678904,	2285.192528927315
0.028,	4.571864388022695,	2.1018094992229015,	-9503.618581265955,	2268.766121756624
0.032,	4.849559526415911,	2.2995483257472107,	-9671.216683077275,	2371.798027827334
0.036,	4.816488498130045,	2.2015689538579095,	-10107.012592280553,	2694.1386188525453
0.04,	5.425056537264507,	2.2975425716844398,	-10872.466429118673,	3144.6657341705263
