3.141592653589793116e+00 0.000000000000000000e+00
-2.920915212025693819e+00 2.206774415640996079e+00
-2.589008887394072644e+00 3.319063246316206417e+00
-2.201344140992185672e+00 3.876647464018866174e+00
-1.821039447648453269e+00 3.803046933437322696e+00
-1.486308994869265376e+00 3.347304527791881146e+00
-1.196855469716048503e+00 2.894535251532175391e+00
-9.606105179233601632e-01 2.362449517926862086e+00
-7.731395102552252041e-01 1.874710076681358251e+00
-6.205231423625896525e-01 1.526163678926343970e+00
-4.945055290518958202e-01 1.260176133106951424e+00
-3.916428673605008015e-01 1.028626616913951963e+00
-3.118611751796791509e-01 7.978169218082107328e-01
-2.488089737114762556e-01 6.305220146820336158e-01
-1.982566331701853812e-01 5.055234054128960874e-01
-1.580659414537031182e-01 4.019069171648437244e-01
-1.263253115364513235e-01 3.174062991725141725e-01
-1.004070595331576499e-01 2.591825200329374024e-01
-7.760476217914202834e-02 2.280229735401469449e-01
-5.683730081053717242e-02 2.076746136860457004e-01
-3.756727789535929674e-02 1.927002291517897481e-01
-1.954773378500718195e-02 1.801954411035245340e-01
-2.643622894257902090e-03 1.690411089074969897e-01
1.323499788051130110e-02 1.587862077476813738e-01
2.815819493007154506e-02 1.492319704955902271e-01
4.218595645091660629e-02 1.402776152084629913e-01
5.537206304201092166e-02 1.318610659109559213e-01
6.776594860752638283e-02 1.239388556551460630e-01
7.128067621485101313e-02 3.514727607323769876e-02
7.971377567774240447e-02 8.433099462892404419e-02
6.676819316166593410e-02 -1.294558251607674237e-01
