0.000000000000000000e+00
6.194543838500976562e+00
4.393180847167968750e+00
4.243372917175292969e+00
3.651014328002929688e+00
4.049488544464111328e+00
3.732394933700561523e+00
3.430409669876098633e+00
3.329861640930175781e+00
3.195482254028320312e+00
2.131810665130615234e+00
1.890869736671447754e+00
1.935886621475219727e+00
1.428426027297973633e+00
1.214080333709716797e+00
1.236871123313903809e+00
1.227942585945129395e+00
1.158077239990234375e+00
1.090988278388977051e+00
1.033726096153259277e+00
9.857503771781921387e-01
9.456997513771057129e-01
9.122988581657409668e-01
8.844571113586425781e-01
8.612557053565979004e-01
8.419267535209655762e-01
8.258254528045654297e-01
8.124150633811950684e-01
8.012460470199584961e-01
7.919463515281677246e-01
7.842014431953430176e-01
