0.0	0.03801629325522713	2.320107651238212e-09	-1543.123975545187	0
0.05	0.03908240432920776	0.007797516900110052	-1546.322333726268	22.812917143744265
0.1	0.041101983613800824	0.007798430651137697	-1557.4087392036568	32.69742620198527
0.15	0.04396343235296715	0.01209256539781653 	1563.6741254020496	45.69988171956935
0.2	0.04780503550503182	0.011418541418761658	-1563.405379815627	53.96305257467852
0.25	0.04962134476021494	0.010384045176279125	-1549.9131653498982	43.57535915336064
0.3	0.0499991994343293	0.011756033082480018	-1544.629521809167	45.99860116491967
0.35	0.05202409538619915	0.011867228739990231	-1524.013032097947	31.894896654190724
0.4	0.05132007116020776	0.013442068589049179	-1516.5762704208403	37.53735438698082
0.45	0.053422909300863006	0.013748972629538498	-1516.620917250873	44.99130971373301
0.5	0.055065678951247750	0.014863245645467562	0	0
0.55	0.058452045820352522	0.015452980345928352	0	0
0.6	0.060352352352898988	0.015334583838386355	0	0
0.65	0.062857573845384292	0.01713453482829295	0	0
0.7	0.065234234235359680	0.018234523298458691	0 	0
0.75	0.068907850306877780	0.018671010295475690	0	0
0.8	0.071895632910028575	0.019638385829506888	0	0 
0.85	0.075295694847675839	0.019868673845020002	0	0
0.9	0.078835675729307002	0.020698786939306098	0	0 
0.95	0.081456838386900956	0.0203968683983096058	0	0
1.0	0.084848563468299929	0.0216729593845848599	0	0
