0.4472160998416039 0 -3599.980521409057 0
0.4457467461307519 0.0003240926467920626 -3591.8113957081105 2.3244712854062337
0.4403588192537574 0.0010207066505686035 -3560.2904029639462 7.287112353791432
0.4332650194226188 0.0018652792933577962 -3514.3759573958832 13.586099530379537
0.42569769519383754 0.0026852084530994452 -3462.2098208117027 19.091086672259273
0.41988766521786514 0.004284049753510147 -3410.4376899319764 22.066505128890324
0.41466907453583873 0.005523444536519363 -3366.9283744095173 28.02641777945778
0.41019056662989817 0.007266325002055911 -3324.964841722815 35.85391050896121
0.4063856516825789 0.006738032692017907 -3292.7935626258154 34.30490944822515
0.4037657175941418 0.008440858464831738 -3265.308505671751 43.9527491755983
0.4025257145271581 0.00811545875501587 -3251.0660313413887 44.752760069719336
0.4024046384394899 0.009639949913563149 -3233.0530688240974 48.00818555383707
0.40402490222645343 0.014332594385935954 -3236.496898174007 53.36776696753307
0.40456616007001805 0.014598926729979849 -3233.9580277257032 75.04967229022753
0.4061859477141852 0.01330389230955101 -3241.4554659439355 71.42661246909167
0.4113262601880766 0.018626372045702496 -3254.0287543290638 74.68641006476041
