0.0,	0.036877878639361753,	0,	-1831.309046356944,	0.00017403317536918907
0.05,	0.03732374615709243,	0.00551057452650149,	-1774.208898967017,	92.10243885451749
0.1,	0.040047987158128105,	0.005934631249412724,	-1673.1607324601405,	63.544401941607966
0.15000000000000002,	0.04359268595224394,	0.012021888287226847,	-1633.849447128175,	63.5226070331862
0.2,	0.046106695125189196,	0.012250323462806114,	-1602.2001662231387,	53.06251928886304
0.25,	0.04855137125795857,	0.011565307437155506,	-1585.32164979866,	57.76796543410635
0.3,	0.05052470934478201,	0.012820987188185094,	-1584.5909088219405,	57.836186821643196
0.35,	0.054241614721673295,	0.0134193364314242,	-1584.3276918693132,	73.76506878573034
0.4,	0.05269865283246388,	0.01420411173602566,	-1581.0532979321758,	78.64267577610957

