0.0038    0.0038    0.0038    0.0038    0.0038
0.0037    0.0037    0.0033    0.0042    0.0038
0.0050    0.0026    0.0024    0.0049    0.0022
0.0043    0.0054    0.0041    0.0036    0.0063
0.0116    0.0094    0.0062    0.0024    0.0040
0.0061    0.0130    0.0062    0.0040    0.0084
0.0214    0.0092    0.0211    0.0090    0.0129
0.0243    0.0083    0.0121    0.0051    0.0253
0.0336    0.0088    0.0211    0.0160    0.0294
0.0455    0.0146    0.0306    0.0187    0.0096
0.0205    0.0179    0.0313    0.0240    0.0316