0.0,	0.07442536149101736,	9.769920930043481e-09,	-1894.131231705784,	0.0002847354345712898
0.05,	0.13034270113017968,	0.06135786553959178,	-1910.3648363082373,	22.13587667704416
0.1,	0.20781038689889242,	0.1311203990631998,	-1950.5480533529815,	43.52625816532128
0.15,	0.32676396749589126,	0.2585935643978659,	-2019.0367585396953,	79.30043354569905
0.2,	0.4504838542225718,	0.36392910926968786,	-2133.0878237450224,	151.45538815041525
0.25,	0.632372458457062,	0.5346474190624179,	-2330.0666917798935,	236.36194249215202
0.3,	0.7070612623365455,	0.5956621607306587,	-2509.855857074096,	280.55486449134884
0.35,	0.8210072785390272,	0.6117210104693936,	-2749.1833213224304,	364.2683284757947
0.4,	0.9340139262876289,	0.7358010968760754,	-2986.4465853482066,	413.39254077851825
0.45,	1.0365372439122433,	0.7851173943400824,	-3288.5429767990518,	466.2508288819724
0.5,	1.1126997158057035,	0.8391305896370037,	-3568.168841241613,	533.9398742167235
0.55,	1.2793502317652363,	0.9412425730944591,	-3874.9456783573773,	662.064577870613
0.6,	1.4028349227002612,	0.949397958950752,	-4257.629335925686,	721.3764317550539
0.65,	1.365776176665985,	0.9843231709551509,	-4535.906385144949,	740.7964900945727
0.7,	1.616286352219532,	1.1718851101992789,	-4820.2336564907155,	834.4964245798117
0.75,	1.7003480733908212,	1.228234763133422,	-5229.411948764534,	986.6107422341705
0.8,	1.9017612628200982,	1.412734934120349,	-5747.865026951909,	1112.8370342804694
0.85,	2.1051553661181877,	1.4880917883796128,	-6051.840757081412,	1256.3748858003237
0.9,	2.0901095338689943,	1.4107882376409426,	-6471.997769410682,	1294.9148619536659
0.95,	2.3170595307973074,	1.6535011565371565,	-6858.512477231942,	1375.1285989989683
1.0,	2.3379046588323718,	1.5261236385952637,	-7408.34583593459,	1561.2455553307138
