0.0,	0.7934292268842524,	nan,	-4359.027908588988,	0
0.05,	0.8138224879634588,	0.089057366501368,	-4366.519121935256,	40.08671540794114
0.1,	0.8770105508794797,	0.20802747256379078,	-4407.822355974546,	132.86573744144246
0.15,	1.0111899287578017,	0.40086898473267846,	-4552.4555806913295,	424.91632298002077
0.2,	1.124310937360474,	0.5539021451746371,	-4733.520693186917,	722.2545251298169
0.25,	1.2824355095054252,	0.7589561731724898,	-5082.932417025489,	1098.4600239908295
0.3,	1.4447790418247448,	0.9013637280494657,	-5379.474208579727,	1260.008432719698
0.35,	1.4641349625458135,	0.8444542680235578,	-5509.35657944788,	1269.4531793091776
0.4,	1.9350594573845041,	1.390117677674887,	-5797.57503619711,	1448.361447464591
0.45,	2.0366191528927238,	1.268765801472475,	-6295.33849369218,	1640.6640048589747
0.5,	2.417840378569142,	1.7267023611189196,	-6565.849889707861,	1961.240379023008
0.55,	2.814175252951573,	1.826765753023132,	-6990.855023397704,	1832.8801355751261
0.6,	3.0579950765531394,	1.879503760700401,	-7309.416340942107,	1948.6892689518681
0.65,	3.677733796096626,	2.1227129857960296,	-8043.7569018397935,	2198.1919137152554
0.7,	3.7779589427549602,	2.133455820142292,	-8259.585531214294,	2334.7575931002934
0.75,	3.9874716074568757,	2.1529410873784447,	-8833.99274028554,	2671.481952343876
0.8,	4.348900636939804,	2.190345147294197,	-9332.027664413701,	2590.315166973952
0.85,	4.569107834551734,	2.282396392021695,	-9818.109694817716,	2906.5320139625906
0.9,	4.647661875917116,	2.324505963492923,	-10373.59121574073,	3470.7825364992723
0.95,	4.9480856933063,	2.4493136686997024,	-10866.471822523168,	3843.7309467393607
1.0,	5.17726507843067,	2.473369196747422,	-11235.599568346468,	3778.9172045073146
