0.000000000000000000e+00 3.141592653589793116e+00 0.000000000000000000e+00 0.000000000000000000e+00
5.837840332835675383e-02 -3.057171085606141148e+00 1.166278190912523716e+00 1.665051088577167437e+00
2.193663988755991667e-01 -2.837222580811777028e+00 2.048786486603419998e+00 2.667000470399187861e+00
4.042244821449783032e-01 -2.624570390247185969e+00 1.648210270618574613e+00 1.547983186974914327e+00
5.100908166476756378e-01 -2.580841635256062361e+00 4.701702029408838523e-01 -6.745784006452588688e-01
5.052432672026432314e-01 -2.749851477776899422e+00 -5.696688404501406566e-01 -2.692609321399844546e+00
3.885273248161627002e-01 -3.122875860674902526e+00 -1.760916860944290452e+00 -4.697686477788833415e+00
1.622581439036410167e-01 2.629140488919164298e+00 -2.743502760393703888e+00 -5.746472065084439862e+00
-1.468845798587423701e-01 2.062117160328563514e+00 -3.427808037664855423e+00 -5.423433667824973270e+00
-4.794484161527972077e-01 1.592238889487638254e+00 -3.236073012799306259e+00 -3.971274080167498166e+00
-7.459085754210259545e-01 1.258190649654767235e+00 -2.101785622387181363e+00 -2.813104914517198019e+00
-9.007385176407707306e-01 1.011504788476591088e+00 -9.968753306756532595e-01 -2.206385410045985651e+00
-9.453185729420461314e-01 8.013630635163213611e-01 1.064656108712236371e-01 -2.074524735230383499e+00
-9.029704028596459153e-01 6.076563436619464298e-01 7.413645827828950763e-01 -1.856187250477204120e+00
-8.103536809746949565e-01 4.364122007920063773e-01 1.111910365118660371e+00 -1.613760251792768052e+00
-6.979927916439478963e-01 3.005660734771908871e-01 1.135927293595107024e+00 -1.135110416839901104e+00
-5.760222688739613517e-01 1.939755854084110887e-01 1.304540076701971918e+00 -1.024379420401724028e+00
-4.506363941653872551e-01 1.105343741972149019e-01 1.203964850144116028e+00 -6.653669179833923142e-01
-3.257149554423106608e-01 4.375291147208271170e-02 1.295229535851351477e+00 -6.876390402311634009e-01
-2.073919233006331631e-01 -6.889158775233106269e-03 1.071813242690720314e+00 -3.383924540985998042e-01
-1.064864188923611010e-01 -3.274148840913948533e-02 9.466066170054286966e-01 -1.854419282330405372e-01
-2.691173918423395151e-02 -3.177098352507501389e-02 6.448835820650963280e-01 2.049710817739231195e-01
4.473369627697953987e-02 -2.369222900170875334e-02 7.879268293641749077e-01 -4.122528439267539313e-02
1.140838924854352676e-01 -1.564874378592007176e-02 5.989861792769253235e-01 2.041099579010617338e-01
1.860693336911616314e-01 -1.379316905234651003e-02 8.406936032042636731e-01 -1.663933179507469107e-01
2.670202882757628515e-01 -2.721332477813387385e-02 7.784857970401123373e-01 -1.055227757364005647e-01
3.394745166365122913e-01 -3.200656708982618781e-02 6.706585173361656604e-01 8.368754238721506922e-03
4.052740119306803557e-01 -3.159999961627590892e-02 6.453266668940377260e-01 -1.291960730940445307e-04
4.709785302603641810e-01 -3.564457992734526570e-02 6.688096766755801115e-01 -8.178431896629774489e-02
5.340456525771672958e-01 -4.096177434971171039e-02 5.925974090990462351e-01 -2.596445615640113891e-02
5.901083671527267427e-01 -4.186360938234923168e-02 5.286686056814831058e-01 7.680928769258292543e-03
