0.000000000000000000e+00 3.141592653589793116e+00 0.000000000000000000e+00 0.000000000000000000e+00
5.837840332835675383e-02 -3.057171085606141148e+00 1.166278190912523716e+00 1.665051088577167437e+00
2.190380420308710718e-01 -2.837690755662737985e+00 2.042247007152422356e+00 2.657881141553700477e+00
4.095722512494806011e-01 -2.617415614371471300e+00 1.767791624415061325e+00 1.705028978647183724e+00
5.600790734200096210e-01 -2.517986805120122185e+00 1.243553632011477728e+00 2.721418801166133328e-01
6.353843234505265336e-01 -2.590857148338509219e+00 2.609130626889281102e-01 -1.726696689443973476e+00
6.018465764848537347e-01 -2.873818933632009909e+00 -9.342942165310007541e-01 -3.906708161817811220e+00
4.491783323780977888e-01 2.924532475568404344e+00 -2.105267611518172544e+00 -5.659691917923190374e+00
1.857038941960018619e-01 2.317018864661825717e+00 -3.138096424110762506e+00 -6.262589719768133278e+00
-1.269454008120884936e-01 1.752414518118659004e+00 -3.121955061508055795e+00 -4.975293954087890214e+00
-3.819941192365892135e-01 1.328918871074966646e+00 -1.992289939095017504e+00 -3.615888593689757791e+00
-5.294257307215044506e-01 1.008327161562358576e+00 -9.604711597065351825e-01 -2.899866538350432510e+00
-5.985626365367444635e-01 7.514207793229528143e-01 -4.240135852679088879e-01 -2.302695602183038037e+00
-6.291276988622671595e-01 5.528420746807172215e-01 -1.878194781608149011e-01 -1.713619144400606586e+00
-6.500005829495036913e-01 4.187215716106966745e-01 -2.297275655234681246e-01 -9.968759978624764928e-01
-6.696309402244282616e-01 3.417796096760872260e-01 -1.624240115035636145e-01 -5.604887803508404875e-01
-6.745312270542962452e-01 2.928884982746411403e-01 6.491654862916415580e-02 -4.301948999298756959e-01
-6.581317897650631465e-01 2.557519261824277024e-01 2.634683652894024286e-01 -3.222960748138231635e-01
-6.214206772159607262e-01 2.262638741947227139e-01 4.710867817945444402e-01 -2.752631516168465575e-01
-5.609902463810980677e-01 1.951236836412215681e-01 7.379001169017243011e-01 -3.558762276457312912e-01
-4.715647553707249529e-01 1.500097263163482353e-01 1.051179970648220108e+00 -5.585455297702407451e-01
-3.674003287319025368e-01 1.050913341376640275e-01 1.032594222021910868e+00 -3.513695216843573110e-01
-2.594576976784845890e-01 6.983311770132605290e-02 1.126671179276931500e+00 -3.629858575093123929e-01
-1.483454641019363862e-01 4.003836033645935544e-02 1.095918444094097444e+00 -2.406554999388402782e-01
-3.860512519376868568e-02 1.808662686609130432e-02 1.099146478026258089e+00 -2.040919849165689914e-01
6.950551270500682222e-02 1.176318253013786119e-03 1.063266547342766488e+00 -1.385285264730159172e-01
1.756365722118342632e-01 -1.263254093322929705e-02 1.059517531917717692e+00 -1.412364013220106518e-01
2.791102196710855132e-01 -2.434089201137767944e-02 1.010095005120288603e+00 -9.599171069821524349e-02
3.773463902536629000e-01 -3.183084372074551638e-02 9.547181898175600701e-01 -5.577053564957012988e-02
4.720400761993595040e-01 -3.870180256352595549e-02 9.392361501844355143e-01 -8.342485697574875125e-02
5.592708118049394272e-01 -4.014744932798341992e-02 8.053990761619678196e-01 5.408648452290470976e-02
