3.1415926536 0.0000000000 
3.1415926536 0.0000000000 
3.1415926536 0.0000000000 
3.1415926536 0.0000000000 
3.1077643558 -0.3382829783 
3.0873917364 -0.2037261935 
3.1200553239 0.3266358746 
3.2235567592 1.0350143536 
3.3859477093 1.6239095009 
3.5663882997 1.8044059041 
3.7055531351 1.3916483535 
3.7413195335 0.3576639846 
3.6234728692 -1.1784666433 
3.3276061355 -2.9586673366 
2.8717239694 -4.5588216611 
2.3243571514 -5.4736681806 
1.7790746287 -5.4528252263 
1.3067667923 -4.7230783645 
0.9342337913 -3.7253300097 
0.6566023200 -2.7763147127 
0.4563134082 -2.0028891184 
0.3143988626 -1.4191454557 
0.2147730268 -0.9962583583 
0.1450897497 -0.6968327710 
0.0962939604 -0.4879578932 
0.0619329829 -0.3436097749 
0.0375381622 -0.2439482071 
0.0201858156 -0.1735234663 
0.0082830256 -0.1190279001 
0.0016283711 -0.0665465449 
0.0015469688 -0.0008140232 
