3.1415926536 0.0000000000 
3.1415926536 0.0000000000 
3.1415926536 0.0000000000 
3.1415926536 0.0000000000 
3.1078114412 -0.3378121243 
3.0875243313 -0.2028710988 
3.1202869126 0.3276258133 
3.2238656803 1.0357876774 
3.3862764110 1.6241073067 
3.5666543296 1.8037791859 
3.7056696838 1.3901535423 
3.7412141687 0.3554448490 
3.6231040967 -1.1811007206 
3.3269805325 -2.9612356414 
2.8709174880 -4.5606304457 
2.3235015649 -5.4741592310 
1.7782956945 -5.4520587041 
1.3061281367 -4.7216755777 
0.9337417569 -3.7238637983 
0.6562446478 -2.7749710902 
0.4560550638 -2.0018958403 
0.3142102745 -1.4184478934 
0.2146577771 -0.9955249737 
0.1450528310 -0.6960494605 
0.0963383116 -0.4871451947 
0.0620365506 -0.3430176099 
0.0376686554 -0.2436789514 
0.0203156595 -0.1735299591 
0.0083889266 -0.1192673296 
0.0016730885 -0.0671583802 
0.0015985292 -0.0007455936 
