0.000000000000000000e+00 2.941592653589792938e+00 0.000000000000000000e+00 0.000000000000000000e+00
5.894562122597468701e-02 3.039524023743652492e+00 1.178515980328013857e+00 1.938912392838249676e+00
2.352948357976005767e-01 -2.962727557792433686e+00 2.342816293049605925e+00 3.601861912075446259e+00
4.413093401875567423e-01 -2.662546385873454824e+00 1.775809453888209433e+00 2.345657567091733675e+00
6.071515067912351959e-01 -2.480060819619534840e+00 1.541837950342171304e+00 1.274305116557962858e+00
7.174094202286762645e-01 -2.447884484332682575e+00 6.641554957952597871e-01 -6.314762505570767903e-01
7.591063214163145112e-01 -2.583640134174940428e+00 1.679502513396242680e-01 -2.069091217952076178e+00
7.160905112760453939e-01 -2.900925584966765669e+00 -1.030507628839113288e+00 -4.245682713492922034e+00
5.590996261779439536e-01 2.873584880850558854e+00 -2.093030038868418430e+00 -5.783585924903583475e+00
2.976207660775154196e-01 2.259926253457369860e+00 -3.111188896816967642e+00 -6.259728031742098686e+00
8.895226671833622589e-03 1.712087077515882960e+00 -2.675588502829452153e+00 -4.703719092372912414e+00
-2.011439237975105598e-01 1.313162897312727395e+00 -1.537246288818786777e+00 -3.392105006447189375e+00
-2.988213521150000496e-01 1.011910521462714208e+00 -4.195502897177918467e-01 -2.737200179424430946e+00
-3.157623880542757000e-01 7.736342683655177410e-01 7.888154663279345336e-02 -2.085850679678697972e+00
-2.834714984742294774e-01 5.846043782721013216e-01 5.673565905253310504e-01 -1.745332621645318660e+00
-2.091883758994463882e-01 4.241572568408269461e-01 9.192539481181170036e-01 -1.505690512676218340e+00
-1.117670113739106519e-01 2.925803365738870454e-01 1.030004065232207555e+00 -1.158198031832967212e+00
-4.592023976516923511e-03 1.890609077040985575e-01 1.114442575899790011e+00 -9.384870031679917179e-01
1.104964257362306412e-01 1.013255193807927057e-01 1.188262266008464518e+00 -8.388896097124201034e-01
2.294899935214318454e-01 2.254038176772343860e-02 1.192485199204400992e+00 -7.571931808247469586e-01
3.402270047924118579e-01 -4.074282871421264218e-02 1.022989582584653112e+00 -5.249925081688655570e-01
4.327751383568738675e-01 -8.303289222742371578e-02 8.284872378613421517e-01 -3.319882238571231214e-01
5.037541135884251453e-01 -1.055389128803820853e-01 5.913767368712252726e-01 -1.241754744415755618e-01
5.538678093082944898e-01 -1.126166501136567355e-01 4.109864665978499865e-01 -1.928433757382297387e-02
5.876514049343430912e-01 -1.119888786477885034e-01 2.646798870881346133e-01 3.198552481457422186e-02
6.053637195905907653e-01 -1.039423962002814505e-01 8.947155812356799576e-02 1.310293535705959744e-01
6.093068502852259094e-01 -9.069069445657174100e-02 -1.076456233002405505e-02 1.374612392329229715e-01
6.049212471663962809e-01 -7.831419370453707174e-02 -7.709246156495647151e-02 1.132968281580619685e-01
5.940836790133192657e-01 -6.777780988995374400e-02 -1.397825822774256821e-01 1.001768514004605926e-01
5.776711418121083241e-01 -5.884376913948985433e-02 -1.885731464419051207e-01 8.083330687892688327e-02
5.566154044866991057e-01 -5.158926769104077437e-02 -2.326269198837079832e-01 6.614767919815799091e-02
