0.000000000000000000e+00
1.200000000000000000e+01
7.055066108703613281e+00
1.176744699478149414e+00
-6.327413558959960938e+00
-8.608093261718750000e+00
-1.045559501647949219e+01
-1.199941444396972656e+01
-1.200000000000000000e+01
-5.467145442962646484e+00
1.176345252990722656e+01
1.200000000000000000e+01
5.497203826904296875e+00
5.719303607940673828e+00
3.390332221984863281e+00
1.808133959770202637e+00
1.559092283248901367e+00
1.629639863967895508e+00
5.802895501255989075e-02
-1.118505001068115234e+00
-1.197433948516845703e+00
-7.155496478080749512e-01
-1.018216967582702637e+00
-8.838517665863037109e-01
-1.232508897781372070e+00
-7.376553416252136230e-01
-1.378177165985107422e+00
-1.373281121253967285e+00
-1.215670824050903320e+00
-8.065199851989746094e-01
-6.611741781234741211e-01
