0.000000000000000000e+00
6.604304790496826172e+00
4.381257534027099609e+00
3.840915203094482422e+00
3.704871654510498047e+00
4.155763149261474609e+00
4.200777530670166016e+00
3.531780242919921875e+00
3.257414102554321289e+00
2.690634250640869141e+00
1.821154594421386719e+00
1.665757775306701660e+00
1.472596049308776855e+00
1.258721947669982910e+00
9.811782240867614746e-01
6.802293658256530762e-01
2.448733001947402954e-01
1.158038601279258728e-01
9.436912834644317627e-02
1.044493317604064941e-01
1.195325776934623718e-01
1.330841481685638428e-01
1.422886997461318970e-01
1.452580690383911133e-01
1.471859514713287354e-01
1.483861207962036133e-01
1.491133868694305420e-01
1.495458483695983887e-01
1.497997194528579712e-01
1.499483436346054077e-01
1.500326097011566162e-01
