0.000000000000000000e+00
-5.903968811035156250e+00
-4.538521766662597656e+00
-4.093809604644775391e+00
-3.781951904296875000e+00
-4.416984081268310547e+00
-3.939238309860229492e+00
-3.476289272308349609e+00
-2.779459953308105469e+00
-2.572655916213989258e+00
-2.315176725387573242e+00
-1.991166234016418457e+00
-1.547166228294372559e+00
-1.210466504096984863e+00
-9.394471645355224609e-01
-7.139560580253601074e-01
-5.470521450042724609e-01
-3.744331896305084229e-01
-1.576436907052993774e-01
-4.430816695094108582e-02
-3.769657760858535767e-02
-7.874982059001922607e-02
9.887997061014175415e-02
1.729925572872161865e-01
2.618892788887023926e-01
3.521598279476165771e-01
4.440453052520751953e-01
5.362319350242614746e-01
6.526683568954467773e-01
7.290765643119812012e-01
8.015853166580200195e-01
