3.141592653589793116e+00 0.000000000000000000e+00
2.915386952017565036e+00 -2.262057015722282127e+00
2.566107868979983664e+00 -3.492790830375811506e+00
2.175640061885495413e+00 -3.904678070944878954e+00
1.809820706393669987e+00 -3.658193554918260038e+00
1.471372357785673657e+00 -3.384483486079962855e+00
1.181965646428603911e+00 -2.894067113570692129e+00
9.443586994836143944e-01 -2.376069469449899607e+00
7.616096504689462421e-01 -1.827490490146679525e+00
6.169821058398237135e-01 -1.446275446291224842e+00
4.979242035604145578e-01 -1.190579022794090003e+00
3.968944055418326400e-01 -1.010297980185821842e+00
3.131029555127433639e-01 -8.379145002908900963e-01
2.440289324879461041e-01 -6.907402302479743739e-01
1.870140751223572373e-01 -5.701485736558884465e-01
1.397702972497101293e-01 -4.724377787264729123e-01
9.955850879160355049e-02 -4.021178845810641223e-01
6.522054270904797946e-02 -3.433796608255572091e-01
3.840649565618736716e-02 -2.681404705286031809e-01
1.813817396076000676e-02 -2.026832169542753248e-01
6.106418877549479873e-04 -1.752753207300493388e-01
-1.914781318309355385e-02 -1.975845507084857955e-01
-3.795898315690315883e-02 -1.881116997380965217e-01
-5.655330928341362196e-02 -1.859432612651060746e-01
-7.502359467714603269e-02 -1.847028539373222478e-01
-9.337953169069201920e-02 -1.835593701354610863e-01
-1.115423654698108891e-01 -1.816283377911885322e-01
-1.293828518171742381e-01 -1.784048634736309369e-01
-1.457806154312901725e-01 -1.639776361411610650e-01
-1.609159101235269063e-01 -1.513529469223652557e-01
-1.748699795636796672e-01 -1.395406944015293305e-01
