0.000000000000000000e+00 3.141592653589793116e+00 0.000000000000000000e+00 0.000000000000000000e+00
-5.837840332835675383e-02 3.057171085606141148e+00 -1.166278190912523716e+00 -1.665051088577166993e+00
-2.324184964996542924e-01 2.818626017936860961e+00 -2.308634741698928572e+00 -3.028700366633524155e+00
-4.704763404878051780e-01 2.535496405624177108e+00 -2.449598165411256190e+00 -2.566164059932015462e+00
-7.028924366943414270e-01 2.338333716447662525e+00 -2.200829965002552235e+00 -1.351533536928804402e+00
-8.939826603083442791e-01 2.284875144985839768e+00 -1.622363257238972345e+00 2.840150410015862548e-01
-1.000540978937165981e+00 2.421252212319272346e+00 -5.039806216431519381e-01 2.451954582221568035e+00
-9.948657329745791422e-01 2.774730085156440040e+00 6.225435308519216004e-01 4.601553798519063321e+00
-8.832184660535649101e-01 -2.963948336841074394e+00 1.594221524978597371e+00 6.150462344257722869e+00
-6.790850280447329190e-01 -2.316099827182521054e+00 2.460159143279497584e+00 6.576428307539462281e+00
-4.342846357607710317e-01 -1.720481346454815430e+00 2.443078425338159665e+00 5.280516639059813500e+00
-2.475676770447474695e-01 -1.262906924550176058e+00 1.304746585504762413e+00 4.007036955041310300e+00
-1.257201876470581681e-01 -9.220338866142903100e-01 1.140656682329538985e+00 2.854973489635671324e+00
-2.604487315853454277e-02 -6.755194748733117649e-01 8.550093432166109286e-01 2.127299915306405165e+00
4.715813512379751771e-02 -4.891252798415308689e-01 6.089600200412850217e-01 1.644735600490473404e+00
1.013234658935817656e-01 -3.462046818651955959e-01 4.736599148078931565e-01 1.248281401760070963e+00
1.470951682279917350e-01 -2.409363591014308525e-01 4.409997831573254645e-01 8.829352543716622037e-01
1.919258747168188783e-01 -1.689748340715890862e-01 4.549451243480586160e-01 5.743745565772355732e-01
2.378166370433367760e-01 -1.229801433281814127e-01 4.623814328403195728e-01 3.573162810367114250e-01
2.786380477486805063e-01 -8.733878851793264175e-02 3.536300050045443899e-01 3.648149086965830623e-01
3.165171548240235389e-01 -6.004294985191371836e-02 4.036405189508728286e-01 1.881891620653981523e-01
3.463079657712846426e-01 -2.949186332081765727e-02 1.918120300718983151e-01 4.307647554314684157e-01
3.830417518171902458e-01 -1.352801343627518804e-02 5.426716651287519788e-01 -1.071999849439726482e-01
4.154365499732768363e-01 6.915658492099296950e-03 1.049967173022321454e-01 5.211783129524195646e-01
4.570856322708749531e-01 1.464077547248265887e-02 7.278738476115216294e-01 -3.643449523098175602e-01
5.033408870102946686e-01 1.770563414191528295e-02 1.972126821238714411e-01 4.261643018708622943e-01
5.466026087412769741e-01 2.776355805997710036e-02 6.678850618062729394e-01 -2.221323531165972920e-01
5.968253467616539965e-01 3.157242216329692042e-02 3.365372449848639258e-01 2.991129538803877219e-01
6.451790388956588629e-01 4.272960818682136619e-02 6.303919346673060309e-01 -7.290383150753082520e-02
7.040184614977857969e-01 4.458616639352896982e-02 5.463785160016598752e-01 1.104532958252529562e-01
7.664244821986958556e-01 4.763792532171606808e-02 7.017014291725106601e-01 -4.856388822901364088e-02
