0.0,	4.421555555768359,	nan,	-13467.16060897651,	0
0.002,	7.004679574949256,	4.400353639955473,	-14514.806068491122,	2491.4735725338096
0.004,	6.900173578360132,	4.712749464441036,	-16014.471940719344,	3966.8994028959437
0.006,	6.557912462655281,	5.115088176845548,	-18181.328092763626,	5847.86721883416
0.008,	6.4953754966760835,	5.341031352407402,	-21183.69825064609,	8059.924902574264
0.01,	6.454280831451013,	5.677787943022751,	-24667.587067251883,	10351.620815563545
0.012,	6.935009553290544,	5.914567133243626,	-28579.077010830304,	14210.215838113576
0.014,	7.461347227696368,	6.7683876562959036,	-35373.27493832945,	19137.345744971753
0.016,	7.864465266477674,	6.780849467906035,	-44383.04851787805,	27899.87041338842
0.018000000000000002,	8.341004607040826,	7.1108999471994085,	-51386.23262559754,	35027.24779606152
