0.0000000000 0.0000000000 0.0000000000 0.0000000000 
0.0006256294 0.0009050049 0.0125017983 0.0178648333 
0.0001915701 0.0001481323 -0.0211732412 -0.0327935542 
0.0187330698 0.0268199529 0.3916737363 0.5592226757 
0.0638849310 0.0881473273 0.5106274090 0.6516455061 
0.1074238190 0.1346914573 0.3596749407 0.2679036650 
0.1253796439 0.1255068638 -0.0004664049 -0.4492165790 
0.1008848689 0.0375974996 -0.4885274550 -1.2875369347 
0.0261723989 -0.1281188569 -1.0032773209 -1.9829882421 
-0.0954854426 -0.3428964922 -1.4262646444 -2.2530264070 
-0.2504634497 -0.5556775666 -1.6711006818 -1.9491022951 
-0.4204826482 -0.7126703614 -1.7295426205 -1.1599312308 
-0.5883567915 -0.7746388924 -1.6286416690 -0.0705169625 
-0.7374636678 -0.7173870042 -1.3526247103 1.2089890706 
-0.8458173984 -0.5212508709 -0.8119351473 2.6935374267 
-0.8812915486 -0.1619170223 0.1013253881 4.4376302257 
-0.8120206044 0.3676290191 1.2642238421 5.9870146498 
-0.6439099931 0.9787129714 2.0780150250 6.0277225964 
-0.4320751499 1.5181516267 2.1689770922 4.7133611444 
-0.2353930396 1.9209271027 1.7770136700 3.3923737102 
-0.0845213402 2.2129605352 1.2451962623 2.5125381395 
0.0199898988 2.4295352699 0.8463967989 1.8691088674 
0.0879274704 2.5921500781 0.5121602297 1.4232780331 
0.1242130712 2.7188619239 0.2127735646 1.1435920308 
0.1327592804 2.8234042921 -0.0427705327 0.9745883125 
0.1188222953 2.9140843150 -0.2368823562 0.8626852894 
0.0894258316 2.9942694906 -0.3518984412 0.7618045116 
0.0532623877 3.0630212778 -0.3721218011 0.6309703178 
0.0205396809 3.1152813431 -0.2829220915 0.4277530817 
0.0029092382 3.1413735564 -0.0699958238 0.1009555764 
0.0028487300 3.1414137339 0.0687810235 -0.1000731338 
