0.0000000000 0.0000000000 0.0000000000 0.0000000000 
0.0002668732 0.0003860457 0.0053328613 0.0076205586 
0.0007521845 0.0010330526 0.0043659602 0.0051564947 
0.0212068339 0.0304189523 0.4043646081 0.5748625568 
0.0670723131 0.0922137644 0.5122054646 0.6452519753 
0.1103545485 0.1372554674 0.3529845781 0.2446498389 
0.1273899838 0.1252664282 -0.0121600342 -0.4813921434 
0.1016351488 0.0340983350 -0.5019935998 -1.3197184568 
0.0256582514 -0.1343887700 -1.0150328910 -2.0053729198 
-0.0969350871 -0.3505345640 -1.4332060421 -2.2576520634 
-0.2523263243 -0.5628479926 -1.6725004473 -1.9355491267 
-0.4222864344 -0.7178457721 -1.7270180203 -1.1342557179 
-0.5897823892 -0.7769079274 -1.6235842140 -0.0385653128 
-0.7382253699 -0.7162506552 -1.3443475255 1.2448053364 
-0.8454642913 -0.5162807579 -0.7978940446 2.7339888911 
-0.8791697810 -0.1526684231 0.1224298026 4.4812634907 
-0.8078257677 0.3804137268 1.2840997286 6.0111660016 
-0.6385402232 0.9917117715 2.0822281006 6.0099852300 
-0.4270188633 1.5285616499 2.1588847697 4.6827224477 
-0.2316311888 1.9286548336 1.7610549006 3.3702858101 
-0.0821890360 2.2188422778 1.2324548269 2.4974084830 
0.0212179084 2.4341147613 0.8370055094 1.8579167343 
0.0883195076 2.5957947576 0.5048121806 1.4155717714 
0.1239793802 2.7218462141 0.2076023343 1.1379218216 
0.1321278689 2.8258657350 -0.0455524336 0.9696567401 
0.1180328967 2.9160512491 -0.2372565252 0.8575898497 
0.0887026874 2.9957074567 -0.3501943746 0.7561801747 
0.0527739271 3.0638928491 -0.3691267811 0.6251216833 
0.0203431799 3.1156281673 -0.2800725793 0.4229734326 
0.0028793916 3.1414313619 -0.0695089677 0.0998795086 
0.0028088878 3.1414525017 0.0680945172 -0.0993833670 
