0.000000000000000000e+00
5.759681224822998047e+00
4.197410106658935547e+00
4.361777782440185547e+00
4.157358646392822266e+00
3.943037271499633789e+00
4.040506839752197266e+00
3.466749906539916992e+00
2.983096361160278320e+00
2.703346729278564453e+00
2.310454368591308594e+00
1.849569082260131836e+00
1.372724175453186035e+00
1.148145914077758789e+00
9.446610212326049805e-01
7.462041378021240234e-01
5.917330384254455566e-01
4.977555274963378906e-01
4.362613558769226074e-01
3.499624729156494141e-01
2.603211998939514160e-01
1.708566844463348389e-01
8.478226512670516968e-02
3.105774056166410446e-03
-7.397370785474777222e-02
-1.465453654527664185e-01
-2.148001790046691895e-01
-2.789520621299743652e-01
-5.514897704124450684e-01
-2.174514830112457275e-01
-9.401326179504394531e-01
