0.0,	0.03308753724598919,	nan,	-1885.4816925548787,	0
0.05,	0.15520152131542017,	0.09357116859212533,	-1913.8545134928836,	103.93203011271427
0.1,	0.28467509653913475,	0.18891018508896712,	-2001.4222115927937,	217.4429757664066
0.15000000000000002,	0.4377137323620089,	0.29447051407666397,	-2172.350076142503,	368.29198733429246
0.2,	0.586753495578099,	0.3991955200807996,	-2374.175359202931,	487.7991927386388
0.25,	0.7665522198135419,	0.5200042180722643,	-2601.069832981262,	598.5620377809199
0.30000000000000004,	0.9292067031808049,	0.6049713054611366,	-2882.4776185536602,	705.1634438700619
0.35000000000000003,	1.0611353300212376,	0.7026492862928551,	-3110.6694640903142,	803.7819210668531
0.4,	1.1562915267331952,	0.7973599389324808,	-3460.9926333606295,	909.5831946112861
0.45,	1.3903976631973092,	0.9202799081016736,	-3801.025689108761,	994.9764445005719
0.5,	1.5758622970947218,	1.006435400720562,	-4092.8907520802118,	1038.8683080706392
