3.141592653589793116e+00 0.000000000000000000e+00
-2.890101063111838897e+00 2.514915904779543965e+00
-2.498319083485579739e+00 3.917819796262588916e+00
-2.081479887994020395e+00 4.168391954915593445e+00
-1.696138088758409879e+00 3.853417992356108268e+00
-1.366639557928246873e+00 3.294985308301632276e+00
-1.082727159743793521e+00 2.839123981844534850e+00
-8.557930715565937874e-01 2.269340881871985793e+00
-6.689666980849064970e-01 1.868263734716882674e+00
-5.230086656626387054e-01 1.459580324222679026e+00
-4.132350397208472970e-01 1.097736259417915416e+00
-3.263673022954982628e-01 8.686773742534793508e-01
-2.561488115168071289e-01 7.021849077869198874e-01
-2.081313155933806058e-01 4.801749592342776651e-01
-1.765748851434096878e-01 3.155643044996970792e-01
-1.422869200570442416e-01 3.428796508636564044e-01
-1.074276706836627682e-01 3.485924937338126250e-01
-7.737774632615135317e-02 3.004992435751142055e-01
-6.731358025567502068e-02 1.006416607047703193e-01
-6.673830457207508005e-02 5.752756835990788242e-03
-6.797748420559912574e-02 -1.239179633523532567e-02
-6.870110305099430548e-02 -7.236188453963799880e-03
-6.888292226132008977e-02 -1.818192103259914233e-03
-6.886547513946261745e-02 1.744712185756894934e-04
-6.882868841223732659e-02 3.678672722491063089e-04
-6.881249576214898411e-02 1.619265008889382172e-04
-6.880982025336912500e-02 2.675508778643046577e-05
-6.881091862161881068e-02 -1.098368249928493819e-05
-6.881187056695736715e-02 -9.519453383934811040e-06
-6.881221046268493069e-02 -3.398957277217115627e-06
-6.881225385504841086e-02 -4.339236377019898528e-07
