0.0,	0.06543935659333842,	7.595933590701935e-09,	-1887.0596823814228,	0
0.05,	0.11949108844885215,	0.0725313008537169,	-1897.3597194401293,	24.10552790737365
0.1,	0.2147067998353831,	0.14048945352461856,	-1935.8472503152705,	49.5983697367646
0.15,	0.34781253201686174,	0.23606078142028816,	-1997.300211165037,	81.15156346529669
0.2,	0.4307350429190347,	0.27712860239403275,	-2090.306913444288,	118.21933187269764
0.25,	0.5215767647128196,	0.3619413654008743,	-2207.101565416856,	162.95861366898322
0.3,	0.6486091053645101,	0.4476089640921962,	-2353.8617997051615,	228.37184617195993
0.35,	0.7570029143753629,	0.4798448347477571,	-2521.8945001519005,	280.8013820361275
0.4,	0.8737325504174818,	0.5377393331594212,	-2710.24403258293,	349.74935748724556
0.45,	0.9719702837446398,	0.6415318129434028,	-2879.1177759046636,	434.2230992437545
0.5,	1.1077500649040173,	0.7578174360408079,	-3111.6909268714608,	459.507925884687
0.55,	1.209313623670893,	0.7777799409684643,	-3428.956541823887,	575.7117055344679
0.6,	1.3114211920576637,	0.9183814570888315,	-3699.847151696273,	730.4570120964419
0.65,	1.445460823266443,	0.9908985128411102,	-4020.482326919254,	847.6717081456435
0.7,	1.4744734706243492,	1.0219556643501964,	-4268.4935287662565,	870.2943111711152
0.75,	1.6633122160837548,	1.094775091016016,	-4681.732061442477,	954.8413492913188
0.8,	1.67766699274918,	1.1055734425754329,	-4996.004056728868,	1149.0395352003966
0.85,	1.7837449359091537,	1.2295871689229092,	-5342.5335058735745,	1184.0620351063944
0.9,	1.9375469366510842,	1.2526850027820782,	-5821.614840397452,	1344.6070685747713
0.95,	2.166273803934693,	1.5113181687474415,	-6137.3578973720105,	1372.552013975559
1.0,	2.200076432818173,	1.5039149013017932,	-6599.6932955119255,	1560.0054412188326
