0.000000000000000000e+00 0.000000000000000000e+00
-2.000000000000000000e+01 2.000000000000000000e+01
-2.000000000000000000e+01 2.000000000000000000e+01
-2.000000000000000000e+01 2.000000000000000000e+01
-2.000000000000000000e+01 2.000000000000000000e+01
-2.000000000000000000e+01 2.000000000000000000e+01
-2.000000000000000000e+01 2.000000000000000000e+01
-2.000000000000000000e+01 -2.000000000000000000e+01
-2.000000000000000000e+01 -2.000000000000000000e+01
-2.000000000000000000e+01 -2.000000000000000000e+01
-2.000000000000000000e+01 -2.000000000000000000e+01
-2.000000000000000000e+01 -2.000000000000000000e+01
2.000000000000000000e+01 -2.000000000000000000e+01
2.000000000000000000e+01 -2.000000000000000000e+01
-2.000000000000000000e+01 -2.000000000000000000e+01
1.993361282348632812e+01 -2.000000000000000000e+01
2.000000000000000000e+01 -2.000000000000000000e+01
2.000000000000000000e+01 -2.000000000000000000e+01
2.000000000000000000e+01 -2.000000000000000000e+01
2.000000000000000000e+01 2.000000000000000000e+01
2.000000000000000000e+01 -1.998885917663574219e+01
2.000000000000000000e+01 2.000000000000000000e+01
2.000000000000000000e+01 2.000000000000000000e+01
2.000000000000000000e+01 2.000000000000000000e+01
-2.000000000000000000e+01 2.000000000000000000e+01
-2.000000000000000000e+01 2.000000000000000000e+01
-2.000000000000000000e+01 2.000000000000000000e+01
-2.000000000000000000e+01 2.000000000000000000e+01
-2.000000000000000000e+01 2.000000000000000000e+01
-2.000000000000000000e+01 -1.967413902282714844e+01
-2.000000000000000000e+01 -2.000000000000000000e+01
-2.000000000000000000e+01 -2.000000000000000000e+01
-2.000000000000000000e+01 -2.000000000000000000e+01
-2.000000000000000000e+01 -2.000000000000000000e+01
2.000000000000000000e+01 -2.000000000000000000e+01
2.000000000000000000e+01 -2.000000000000000000e+01
2.000000000000000000e+01 -2.000000000000000000e+01
2.000000000000000000e+01 -2.000000000000000000e+01
2.000000000000000000e+01 -2.000000000000000000e+01
2.000000000000000000e+01 -2.000000000000000000e+01
2.000000000000000000e+01 2.000000000000000000e+01
2.000000000000000000e+01 2.000000000000000000e+01
2.000000000000000000e+01 2.000000000000000000e+01
2.000000000000000000e+01 2.000000000000000000e+01
-2.000000000000000000e+01 2.000000000000000000e+01
-2.000000000000000000e+01 2.000000000000000000e+01
-2.000000000000000000e+01 2.000000000000000000e+01
-2.000000000000000000e+01 2.000000000000000000e+01
-2.000000000000000000e+01 2.000000000000000000e+01
-2.000000000000000000e+01 -2.000000000000000000e+01
-2.000000000000000000e+01 -2.000000000000000000e+01
-2.000000000000000000e+01 -2.000000000000000000e+01
-2.000000000000000000e+01 -2.000000000000000000e+01
2.000000000000000000e+01 -2.000000000000000000e+01
2.000000000000000000e+01 -2.000000000000000000e+01
2.000000000000000000e+01 -2.000000000000000000e+01
2.000000000000000000e+01 -2.000000000000000000e+01
2.000000000000000000e+01 -2.000000000000000000e+01
2.000000000000000000e+01 -2.000000000000000000e+01
2.000000000000000000e+01 2.000000000000000000e+01
2.000000000000000000e+01 2.000000000000000000e+01
2.000000000000000000e+01 2.000000000000000000e+01
2.000000000000000000e+01 2.000000000000000000e+01
2.000000000000000000e+01 2.000000000000000000e+01
-2.000000000000000000e+01 2.000000000000000000e+01
-2.000000000000000000e+01 2.000000000000000000e+01
-2.000000000000000000e+01 2.000000000000000000e+01
-2.000000000000000000e+01 2.000000000000000000e+01
-2.000000000000000000e+01 2.000000000000000000e+01
-2.000000000000000000e+01 -2.000000000000000000e+01
-2.000000000000000000e+01 -2.000000000000000000e+01
-2.000000000000000000e+01 -2.000000000000000000e+01
-2.000000000000000000e+01 -2.000000000000000000e+01
2.000000000000000000e+01 -2.000000000000000000e+01
2.000000000000000000e+01 -2.000000000000000000e+01
2.000000000000000000e+01 -2.000000000000000000e+01
2.000000000000000000e+01 -2.000000000000000000e+01
2.000000000000000000e+01 -2.000000000000000000e+01
2.000000000000000000e+01 2.000000000000000000e+01
2.000000000000000000e+01 -2.000000000000000000e+01
2.000000000000000000e+01 2.000000000000000000e+01
2.000000000000000000e+01 2.000000000000000000e+01
2.000000000000000000e+01 2.000000000000000000e+01
2.000000000000000000e+01 2.000000000000000000e+01
2.000000000000000000e+01 2.000000000000000000e+01
-2.000000000000000000e+01 2.000000000000000000e+01
-2.000000000000000000e+01 2.000000000000000000e+01
-2.000000000000000000e+01 2.000000000000000000e+01
-2.000000000000000000e+01 2.000000000000000000e+01
-2.000000000000000000e+01 2.000000000000000000e+01
-2.000000000000000000e+01 2.000000000000000000e+01
-2.000000000000000000e+01 -2.000000000000000000e+01
-2.000000000000000000e+01 -2.000000000000000000e+01
-2.000000000000000000e+01 -2.000000000000000000e+01
2.000000000000000000e+01 -2.000000000000000000e+01
2.000000000000000000e+01 -2.000000000000000000e+01
2.000000000000000000e+01 -2.000000000000000000e+01
2.000000000000000000e+01 -2.000000000000000000e+01
2.000000000000000000e+01 -2.000000000000000000e+01
2.000000000000000000e+01 -2.000000000000000000e+01
2.000000000000000000e+01 2.000000000000000000e+01
2.000000000000000000e+01 2.000000000000000000e+01
2.000000000000000000e+01 2.000000000000000000e+01
2.000000000000000000e+01 2.000000000000000000e+01
2.000000000000000000e+01 2.000000000000000000e+01
-2.000000000000000000e+01 2.000000000000000000e+01
-2.000000000000000000e+01 2.000000000000000000e+01
-2.000000000000000000e+01 2.000000000000000000e+01
-2.000000000000000000e+01 2.000000000000000000e+01
-2.000000000000000000e+01 2.000000000000000000e+01
-2.000000000000000000e+01 -2.000000000000000000e+01
-2.000000000000000000e+01 -2.000000000000000000e+01
-2.000000000000000000e+01 -2.000000000000000000e+01
-2.000000000000000000e+01 -2.000000000000000000e+01
2.000000000000000000e+01 -2.000000000000000000e+01
2.000000000000000000e+01 -2.000000000000000000e+01
2.000000000000000000e+01 -2.000000000000000000e+01
2.000000000000000000e+01 -2.000000000000000000e+01
2.000000000000000000e+01 -2.000000000000000000e+01
2.000000000000000000e+01 2.000000000000000000e+01
2.000000000000000000e+01 -2.000000000000000000e+01
2.000000000000000000e+01 2.000000000000000000e+01
2.000000000000000000e+01 2.000000000000000000e+01
2.000000000000000000e+01 2.000000000000000000e+01
2.000000000000000000e+01 2.000000000000000000e+01
2.000000000000000000e+01 2.000000000000000000e+01
-2.000000000000000000e+01 2.000000000000000000e+01
-2.000000000000000000e+01 2.000000000000000000e+01
-2.000000000000000000e+01 2.000000000000000000e+01
-2.000000000000000000e+01 2.000000000000000000e+01
-2.000000000000000000e+01 2.000000000000000000e+01
-2.000000000000000000e+01 -2.000000000000000000e+01
-2.000000000000000000e+01 -2.000000000000000000e+01
-2.000000000000000000e+01 -2.000000000000000000e+01
-2.000000000000000000e+01 -2.000000000000000000e+01
2.000000000000000000e+01 -2.000000000000000000e+01
2.000000000000000000e+01 -2.000000000000000000e+01
2.000000000000000000e+01 -2.000000000000000000e+01
2.000000000000000000e+01 -2.000000000000000000e+01
2.000000000000000000e+01 -2.000000000000000000e+01
2.000000000000000000e+01 2.000000000000000000e+01
2.000000000000000000e+01 2.000000000000000000e+01
2.000000000000000000e+01 2.000000000000000000e+01
2.000000000000000000e+01 2.000000000000000000e+01
2.000000000000000000e+01 2.000000000000000000e+01
-2.000000000000000000e+01 2.000000000000000000e+01
-2.000000000000000000e+01 2.000000000000000000e+01
-2.000000000000000000e+01 2.000000000000000000e+01
-2.000000000000000000e+01 2.000000000000000000e+01
-2.000000000000000000e+01 2.000000000000000000e+01
-2.000000000000000000e+01 -2.000000000000000000e+01
-2.000000000000000000e+01 -2.000000000000000000e+01
-2.000000000000000000e+01 -2.000000000000000000e+01
2.000000000000000000e+01 -2.000000000000000000e+01
2.000000000000000000e+01 -2.000000000000000000e+01
2.000000000000000000e+01 -2.000000000000000000e+01
2.000000000000000000e+01 -2.000000000000000000e+01
2.000000000000000000e+01 -2.000000000000000000e+01
2.000000000000000000e+01 2.000000000000000000e+01
2.000000000000000000e+01 -2.000000000000000000e+01
2.000000000000000000e+01 2.000000000000000000e+01
2.000000000000000000e+01 2.000000000000000000e+01
2.000000000000000000e+01 2.000000000000000000e+01
2.000000000000000000e+01 2.000000000000000000e+01
-2.000000000000000000e+01 2.000000000000000000e+01
-2.000000000000000000e+01 2.000000000000000000e+01
-2.000000000000000000e+01 2.000000000000000000e+01
-2.000000000000000000e+01 2.000000000000000000e+01
-2.000000000000000000e+01 2.000000000000000000e+01
-2.000000000000000000e+01 -2.000000000000000000e+01
-2.000000000000000000e+01 -2.000000000000000000e+01
-2.000000000000000000e+01 -2.000000000000000000e+01
-2.000000000000000000e+01 -2.000000000000000000e+01
2.000000000000000000e+01 -2.000000000000000000e+01
2.000000000000000000e+01 -2.000000000000000000e+01
2.000000000000000000e+01 -2.000000000000000000e+01
2.000000000000000000e+01 -2.000000000000000000e+01
2.000000000000000000e+01 -2.000000000000000000e+01
2.000000000000000000e+01 2.000000000000000000e+01
2.000000000000000000e+01 2.000000000000000000e+01
2.000000000000000000e+01 2.000000000000000000e+01
2.000000000000000000e+01 2.000000000000000000e+01
2.000000000000000000e+01 2.000000000000000000e+01
-2.000000000000000000e+01 2.000000000000000000e+01
-2.000000000000000000e+01 2.000000000000000000e+01
-2.000000000000000000e+01 2.000000000000000000e+01
-2.000000000000000000e+01 2.000000000000000000e+01
-2.000000000000000000e+01 2.000000000000000000e+01
-2.000000000000000000e+01 -2.000000000000000000e+01
-2.000000000000000000e+01 -2.000000000000000000e+01
-2.000000000000000000e+01 -2.000000000000000000e+01
2.000000000000000000e+01 -2.000000000000000000e+01
2.000000000000000000e+01 -2.000000000000000000e+01
2.000000000000000000e+01 -2.000000000000000000e+01
2.000000000000000000e+01 -2.000000000000000000e+01
2.000000000000000000e+01 -2.000000000000000000e+01
2.000000000000000000e+01 2.000000000000000000e+01
2.000000000000000000e+01 -2.000000000000000000e+01
2.000000000000000000e+01 2.000000000000000000e+01
2.000000000000000000e+01 2.000000000000000000e+01
2.000000000000000000e+01 2.000000000000000000e+01
2.000000000000000000e+01 2.000000000000000000e+01
-2.000000000000000000e+01 2.000000000000000000e+01
-2.000000000000000000e+01 2.000000000000000000e+01
-2.000000000000000000e+01 2.000000000000000000e+01
-2.000000000000000000e+01 2.000000000000000000e+01
-2.000000000000000000e+01 2.000000000000000000e+01
-2.000000000000000000e+01 -2.000000000000000000e+01
-2.000000000000000000e+01 -2.000000000000000000e+01
-2.000000000000000000e+01 -2.000000000000000000e+01
-2.000000000000000000e+01 -2.000000000000000000e+01
2.000000000000000000e+01 -2.000000000000000000e+01
2.000000000000000000e+01 -2.000000000000000000e+01
2.000000000000000000e+01 -2.000000000000000000e+01
2.000000000000000000e+01 -2.000000000000000000e+01
2.000000000000000000e+01 -1.999962615966796875e+01
2.000000000000000000e+01 2.000000000000000000e+01
2.000000000000000000e+01 2.000000000000000000e+01
2.000000000000000000e+01 2.000000000000000000e+01
2.000000000000000000e+01 2.000000000000000000e+01
2.000000000000000000e+01 2.000000000000000000e+01
-1.999996948242187500e+01 2.000000000000000000e+01
-2.000000000000000000e+01 2.000000000000000000e+01
-2.000000000000000000e+01 2.000000000000000000e+01
-2.000000000000000000e+01 2.000000000000000000e+01
-2.000000000000000000e+01 2.000000000000000000e+01
-2.000000000000000000e+01 -2.000000000000000000e+01
-2.000000000000000000e+01 -2.000000000000000000e+01
-2.000000000000000000e+01 -2.000000000000000000e+01
2.000000000000000000e+01 -2.000000000000000000e+01
2.000000000000000000e+01 -2.000000000000000000e+01
2.000000000000000000e+01 -2.000000000000000000e+01
2.000000000000000000e+01 -2.000000000000000000e+01
2.000000000000000000e+01 -2.000000000000000000e+01
2.000000000000000000e+01 2.000000000000000000e+01
2.000000000000000000e+01 -9.749828338623046875e+00
2.000000000000000000e+01 2.000000000000000000e+01
2.000000000000000000e+01 2.000000000000000000e+01
2.000000000000000000e+01 2.000000000000000000e+01
2.000000000000000000e+01 2.000000000000000000e+01
-2.000000000000000000e+01 2.000000000000000000e+01
-2.000000000000000000e+01 2.000000000000000000e+01
-2.000000000000000000e+01 2.000000000000000000e+01
-2.000000000000000000e+01 2.000000000000000000e+01
-2.000000000000000000e+01 2.000000000000000000e+01
-2.000000000000000000e+01 -2.000000000000000000e+01
-2.000000000000000000e+01 -2.000000000000000000e+01
-2.000000000000000000e+01 -2.000000000000000000e+01
-2.000000000000000000e+01 -2.000000000000000000e+01
2.000000000000000000e+01 -2.000000000000000000e+01
2.000000000000000000e+01 -2.000000000000000000e+01
2.000000000000000000e+01 -2.000000000000000000e+01
2.000000000000000000e+01 -2.000000000000000000e+01
2.000000000000000000e+01 -1.997339630126953125e+01
2.000000000000000000e+01 2.000000000000000000e+01
2.000000000000000000e+01 2.000000000000000000e+01
2.000000000000000000e+01 2.000000000000000000e+01
2.000000000000000000e+01 2.000000000000000000e+01
2.000000000000000000e+01 2.000000000000000000e+01
-2.000000000000000000e+01 2.000000000000000000e+01
-2.000000000000000000e+01 2.000000000000000000e+01
-2.000000000000000000e+01 2.000000000000000000e+01
-2.000000000000000000e+01 2.000000000000000000e+01
-2.000000000000000000e+01 -2.000000000000000000e+01
-2.000000000000000000e+01 -2.000000000000000000e+01
-2.000000000000000000e+01 -2.000000000000000000e+01
-2.000000000000000000e+01 -2.000000000000000000e+01
2.000000000000000000e+01 -2.000000000000000000e+01
2.000000000000000000e+01 -2.000000000000000000e+01
2.000000000000000000e+01 -2.000000000000000000e+01
2.000000000000000000e+01 -2.000000000000000000e+01
2.000000000000000000e+01 2.000000000000000000e+01
2.000000000000000000e+01 -2.000000000000000000e+01
2.000000000000000000e+01 2.000000000000000000e+01
2.000000000000000000e+01 2.000000000000000000e+01
2.000000000000000000e+01 2.000000000000000000e+01
2.000000000000000000e+01 2.000000000000000000e+01
2.000000000000000000e+01 2.000000000000000000e+01
-2.000000000000000000e+01 2.000000000000000000e+01
-2.000000000000000000e+01 2.000000000000000000e+01
-2.000000000000000000e+01 2.000000000000000000e+01
-2.000000000000000000e+01 2.000000000000000000e+01
-2.000000000000000000e+01 2.000000000000000000e+01
-2.000000000000000000e+01 -2.000000000000000000e+01
-2.000000000000000000e+01 -2.000000000000000000e+01
-2.000000000000000000e+01 -2.000000000000000000e+01
-2.000000000000000000e+01 -2.000000000000000000e+01
2.000000000000000000e+01 -2.000000000000000000e+01
2.000000000000000000e+01 -2.000000000000000000e+01
2.000000000000000000e+01 -2.000000000000000000e+01
2.000000000000000000e+01 -2.000000000000000000e+01
2.000000000000000000e+01 2.000000000000000000e+01
2.000000000000000000e+01 -2.000000000000000000e+01
2.000000000000000000e+01 2.000000000000000000e+01
2.000000000000000000e+01 2.000000000000000000e+01
2.000000000000000000e+01 2.000000000000000000e+01
2.000000000000000000e+01 2.000000000000000000e+01
-1.643531417846679688e+01 2.000000000000000000e+01
-2.000000000000000000e+01 2.000000000000000000e+01
-2.000000000000000000e+01 2.000000000000000000e+01
-2.000000000000000000e+01 2.000000000000000000e+01
-2.000000000000000000e+01 2.000000000000000000e+01
-2.000000000000000000e+01 -2.000000000000000000e+01
-2.000000000000000000e+01 -2.000000000000000000e+01
-2.000000000000000000e+01 -2.000000000000000000e+01
-2.000000000000000000e+01 -2.000000000000000000e+01
2.000000000000000000e+01 -2.000000000000000000e+01
2.000000000000000000e+01 -2.000000000000000000e+01
2.000000000000000000e+01 -2.000000000000000000e+01
2.000000000000000000e+01 -2.000000000000000000e+01
2.000000000000000000e+01 2.000000000000000000e+01
2.000000000000000000e+01 -2.000000000000000000e+01
2.000000000000000000e+01 2.000000000000000000e+01
2.000000000000000000e+01 2.000000000000000000e+01
2.000000000000000000e+01 2.000000000000000000e+01
2.000000000000000000e+01 2.000000000000000000e+01
2.000000000000000000e+01 2.000000000000000000e+01
-2.000000000000000000e+01 2.000000000000000000e+01
-2.000000000000000000e+01 2.000000000000000000e+01
-2.000000000000000000e+01 2.000000000000000000e+01
-2.000000000000000000e+01 2.000000000000000000e+01
-2.000000000000000000e+01 2.000000000000000000e+01
-2.000000000000000000e+01 -2.000000000000000000e+01
-2.000000000000000000e+01 -2.000000000000000000e+01
-2.000000000000000000e+01 -2.000000000000000000e+01
-2.000000000000000000e+01 -2.000000000000000000e+01
2.000000000000000000e+01 -2.000000000000000000e+01
2.000000000000000000e+01 -2.000000000000000000e+01
2.000000000000000000e+01 -2.000000000000000000e+01
2.000000000000000000e+01 -2.000000000000000000e+01
2.000000000000000000e+01 2.000000000000000000e+01
2.000000000000000000e+01 -2.000000000000000000e+01
2.000000000000000000e+01 2.000000000000000000e+01
2.000000000000000000e+01 2.000000000000000000e+01
2.000000000000000000e+01 2.000000000000000000e+01
2.000000000000000000e+01 2.000000000000000000e+01
2.000000000000000000e+01 2.000000000000000000e+01
-2.000000000000000000e+01 2.000000000000000000e+01
-2.000000000000000000e+01 2.000000000000000000e+01
-2.000000000000000000e+01 2.000000000000000000e+01
-2.000000000000000000e+01 2.000000000000000000e+01
-2.000000000000000000e+01 2.000000000000000000e+01
-2.000000000000000000e+01 -2.000000000000000000e+01
-2.000000000000000000e+01 -2.000000000000000000e+01
-2.000000000000000000e+01 -2.000000000000000000e+01
-2.000000000000000000e+01 -2.000000000000000000e+01
2.000000000000000000e+01 -2.000000000000000000e+01
2.000000000000000000e+01 -2.000000000000000000e+01
2.000000000000000000e+01 -2.000000000000000000e+01
2.000000000000000000e+01 -2.000000000000000000e+01
2.000000000000000000e+01 2.000000000000000000e+01
2.000000000000000000e+01 -2.000000000000000000e+01
2.000000000000000000e+01 2.000000000000000000e+01
2.000000000000000000e+01 2.000000000000000000e+01
2.000000000000000000e+01 2.000000000000000000e+01
2.000000000000000000e+01 2.000000000000000000e+01
-1.992636108398437500e+01 2.000000000000000000e+01
-2.000000000000000000e+01 2.000000000000000000e+01
-2.000000000000000000e+01 2.000000000000000000e+01
-2.000000000000000000e+01 2.000000000000000000e+01
-2.000000000000000000e+01 -2.000000000000000000e+01
-2.000000000000000000e+01 -2.000000000000000000e+01
-2.000000000000000000e+01 -2.000000000000000000e+01
-2.000000000000000000e+01 -2.000000000000000000e+01
-2.000000000000000000e+01 -2.000000000000000000e+01
2.000000000000000000e+01 -2.000000000000000000e+01
2.000000000000000000e+01 -2.000000000000000000e+01
2.000000000000000000e+01 -2.000000000000000000e+01
2.000000000000000000e+01 -2.000000000000000000e+01
2.000000000000000000e+01 2.000000000000000000e+01
2.000000000000000000e+01 2.000000000000000000e+01
2.000000000000000000e+01 2.000000000000000000e+01
2.000000000000000000e+01 2.000000000000000000e+01
2.000000000000000000e+01 2.000000000000000000e+01
2.000000000000000000e+01 2.000000000000000000e+01
-2.000000000000000000e+01 2.000000000000000000e+01
-2.000000000000000000e+01 2.000000000000000000e+01
-2.000000000000000000e+01 2.000000000000000000e+01
-2.000000000000000000e+01 1.999999809265136719e+01
-2.000000000000000000e+01 -2.000000000000000000e+01
-2.000000000000000000e+01 -2.000000000000000000e+01
-2.000000000000000000e+01 -2.000000000000000000e+01
-2.000000000000000000e+01 -2.000000000000000000e+01
2.000000000000000000e+01 -2.000000000000000000e+01
2.000000000000000000e+01 -2.000000000000000000e+01
2.000000000000000000e+01 -2.000000000000000000e+01
2.000000000000000000e+01 -2.000000000000000000e+01
2.000000000000000000e+01 2.000000000000000000e+01
2.000000000000000000e+01 2.000000000000000000e+01
2.000000000000000000e+01 -2.000000000000000000e+01
2.000000000000000000e+01 2.000000000000000000e+01
2.000000000000000000e+01 2.000000000000000000e+01
2.000000000000000000e+01 2.000000000000000000e+01
2.000000000000000000e+01 2.000000000000000000e+01
-2.000000000000000000e+01 2.000000000000000000e+01
-2.000000000000000000e+01 2.000000000000000000e+01
-2.000000000000000000e+01 2.000000000000000000e+01
-2.000000000000000000e+01 2.000000000000000000e+01
-2.000000000000000000e+01 2.000000000000000000e+01
-2.000000000000000000e+01 -2.000000000000000000e+01
-2.000000000000000000e+01 -2.000000000000000000e+01
-2.000000000000000000e+01 -2.000000000000000000e+01
-2.000000000000000000e+01 -2.000000000000000000e+01
-2.000000000000000000e+01 -2.000000000000000000e+01
2.000000000000000000e+01 -2.000000000000000000e+01
2.000000000000000000e+01 -2.000000000000000000e+01
2.000000000000000000e+01 -2.000000000000000000e+01
2.000000000000000000e+01 -2.000000000000000000e+01
2.000000000000000000e+01 2.000000000000000000e+01
2.000000000000000000e+01 -1.779236984252929688e+01
2.000000000000000000e+01 2.000000000000000000e+01
2.000000000000000000e+01 2.000000000000000000e+01
2.000000000000000000e+01 2.000000000000000000e+01
2.000000000000000000e+01 2.000000000000000000e+01
2.000000000000000000e+01 2.000000000000000000e+01
-2.000000000000000000e+01 2.000000000000000000e+01
-2.000000000000000000e+01 2.000000000000000000e+01
-2.000000000000000000e+01 2.000000000000000000e+01
-2.000000000000000000e+01 2.000000000000000000e+01
-2.000000000000000000e+01 -1.999992370605468750e+01
-2.000000000000000000e+01 -2.000000000000000000e+01
-2.000000000000000000e+01 -2.000000000000000000e+01
-2.000000000000000000e+01 -2.000000000000000000e+01
-2.000000000000000000e+01 -2.000000000000000000e+01
2.000000000000000000e+01 -2.000000000000000000e+01
2.000000000000000000e+01 -2.000000000000000000e+01
2.000000000000000000e+01 -2.000000000000000000e+01
2.000000000000000000e+01 2.000000000000000000e+01
2.000000000000000000e+01 -1.999527168273925781e+01
2.000000000000000000e+01 2.000000000000000000e+01
2.000000000000000000e+01 2.000000000000000000e+01
2.000000000000000000e+01 2.000000000000000000e+01
2.000000000000000000e+01 2.000000000000000000e+01
2.000000000000000000e+01 2.000000000000000000e+01
-2.000000000000000000e+01 2.000000000000000000e+01
-2.000000000000000000e+01 2.000000000000000000e+01
-2.000000000000000000e+01 2.000000000000000000e+01
-2.000000000000000000e+01 2.000000000000000000e+01
-2.000000000000000000e+01 -1.999681854248046875e+01
-2.000000000000000000e+01 -2.000000000000000000e+01
-2.000000000000000000e+01 -2.000000000000000000e+01
-2.000000000000000000e+01 -2.000000000000000000e+01
-2.000000000000000000e+01 -2.000000000000000000e+01
2.000000000000000000e+01 -2.000000000000000000e+01
2.000000000000000000e+01 -2.000000000000000000e+01
2.000000000000000000e+01 -2.000000000000000000e+01
2.000000000000000000e+01 2.000000000000000000e+01
2.000000000000000000e+01 2.000000000000000000e+01
2.000000000000000000e+01 -2.000000000000000000e+01
2.000000000000000000e+01 2.000000000000000000e+01
2.000000000000000000e+01 2.000000000000000000e+01
2.000000000000000000e+01 2.000000000000000000e+01
2.000000000000000000e+01 2.000000000000000000e+01
1.999778938293457031e+01 2.000000000000000000e+01
-2.000000000000000000e+01 2.000000000000000000e+01
-2.000000000000000000e+01 2.000000000000000000e+01
-2.000000000000000000e+01 2.000000000000000000e+01
-2.000000000000000000e+01 2.000000000000000000e+01
-2.000000000000000000e+01 2.000000000000000000e+01
-2.000000000000000000e+01 -2.000000000000000000e+01
-2.000000000000000000e+01 -2.000000000000000000e+01
-2.000000000000000000e+01 -2.000000000000000000e+01
-2.000000000000000000e+01 -2.000000000000000000e+01
-2.000000000000000000e+01 -2.000000000000000000e+01
2.000000000000000000e+01 -2.000000000000000000e+01
2.000000000000000000e+01 -2.000000000000000000e+01
2.000000000000000000e+01 -2.000000000000000000e+01
2.000000000000000000e+01 2.000000000000000000e+01
2.000000000000000000e+01 -2.000000000000000000e+01
2.000000000000000000e+01 2.000000000000000000e+01
2.000000000000000000e+01 2.000000000000000000e+01
2.000000000000000000e+01 2.000000000000000000e+01
2.000000000000000000e+01 2.000000000000000000e+01
2.000000000000000000e+01 2.000000000000000000e+01
-1.999997329711914062e+01 2.000000000000000000e+01
-2.000000000000000000e+01 2.000000000000000000e+01
-2.000000000000000000e+01 2.000000000000000000e+01
-2.000000000000000000e+01 -2.000000000000000000e+01
-2.000000000000000000e+01 -2.000000000000000000e+01
-2.000000000000000000e+01 -2.000000000000000000e+01
-2.000000000000000000e+01 -2.000000000000000000e+01
-2.000000000000000000e+01 -2.000000000000000000e+01
-2.000000000000000000e+01 -2.000000000000000000e+01
2.000000000000000000e+01 -2.000000000000000000e+01
2.000000000000000000e+01 -2.000000000000000000e+01
2.000000000000000000e+01 2.000000000000000000e+01
2.000000000000000000e+01 -2.000000000000000000e+01
2.000000000000000000e+01 2.000000000000000000e+01
2.000000000000000000e+01 2.000000000000000000e+01
2.000000000000000000e+01 2.000000000000000000e+01
2.000000000000000000e+01 2.000000000000000000e+01
2.000000000000000000e+01 2.000000000000000000e+01
2.000000000000000000e+01 2.000000000000000000e+01
2.000000000000000000e+01 2.000000000000000000e+01
-2.000000000000000000e+01 2.000000000000000000e+01
-2.000000000000000000e+01 2.000000000000000000e+01
-2.000000000000000000e+01 2.000000000000000000e+01
-2.000000000000000000e+01 2.000000000000000000e+01
-2.000000000000000000e+01 -2.000000000000000000e+01
-2.000000000000000000e+01 -2.000000000000000000e+01
-2.000000000000000000e+01 -2.000000000000000000e+01
-2.000000000000000000e+01 -2.000000000000000000e+01
-2.000000000000000000e+01 -2.000000000000000000e+01
-2.000000000000000000e+01 -2.000000000000000000e+01
2.000000000000000000e+01 -2.000000000000000000e+01
2.000000000000000000e+01 -2.000000000000000000e+01
2.000000000000000000e+01 -2.000000000000000000e+01
2.000000000000000000e+01 2.000000000000000000e+01
2.000000000000000000e+01 -2.000000000000000000e+01
2.000000000000000000e+01 2.000000000000000000e+01
2.000000000000000000e+01 2.000000000000000000e+01
2.000000000000000000e+01 2.000000000000000000e+01
2.000000000000000000e+01 2.000000000000000000e+01
2.000000000000000000e+01 2.000000000000000000e+01
2.000000000000000000e+01 2.000000000000000000e+01
-2.000000000000000000e+01 2.000000000000000000e+01
-2.000000000000000000e+01 2.000000000000000000e+01
-2.000000000000000000e+01 2.000000000000000000e+01
-2.000000000000000000e+01 1.999979782104492188e+01
-2.000000000000000000e+01 -2.000000000000000000e+01
-2.000000000000000000e+01 -2.000000000000000000e+01
-2.000000000000000000e+01 -2.000000000000000000e+01
-2.000000000000000000e+01 -2.000000000000000000e+01
-2.000000000000000000e+01 -2.000000000000000000e+01
-2.000000000000000000e+01 -2.000000000000000000e+01
2.000000000000000000e+01 -2.000000000000000000e+01
2.000000000000000000e+01 -2.000000000000000000e+01
2.000000000000000000e+01 -2.000000000000000000e+01
2.000000000000000000e+01 2.000000000000000000e+01
2.000000000000000000e+01 1.999218750000000000e+01
2.000000000000000000e+01 -2.000000000000000000e+01
2.000000000000000000e+01 2.000000000000000000e+01
2.000000000000000000e+01 2.000000000000000000e+01
2.000000000000000000e+01 2.000000000000000000e+01
2.000000000000000000e+01 2.000000000000000000e+01
2.000000000000000000e+01 2.000000000000000000e+01
1.999310493469238281e+01 2.000000000000000000e+01
-2.000000000000000000e+01 2.000000000000000000e+01
-2.000000000000000000e+01 2.000000000000000000e+01
-2.000000000000000000e+01 2.000000000000000000e+01
-2.000000000000000000e+01 2.000000000000000000e+01
-2.000000000000000000e+01 -2.000000000000000000e+01
-2.000000000000000000e+01 -2.000000000000000000e+01
-2.000000000000000000e+01 -2.000000000000000000e+01
-2.000000000000000000e+01 -2.000000000000000000e+01
-2.000000000000000000e+01 -2.000000000000000000e+01
-2.000000000000000000e+01 -2.000000000000000000e+01
1.997660827636718750e+01 -2.000000000000000000e+01
2.000000000000000000e+01 -2.000000000000000000e+01
2.000000000000000000e+01 2.000000000000000000e+01
2.000000000000000000e+01 -2.000000000000000000e+01
2.000000000000000000e+01 2.000000000000000000e+01
2.000000000000000000e+01 2.000000000000000000e+01
2.000000000000000000e+01 2.000000000000000000e+01
2.000000000000000000e+01 2.000000000000000000e+01
2.000000000000000000e+01 2.000000000000000000e+01
2.000000000000000000e+01 2.000000000000000000e+01
-2.000000000000000000e+01 2.000000000000000000e+01
-2.000000000000000000e+01 2.000000000000000000e+01
-2.000000000000000000e+01 -2.000000000000000000e+01
-2.000000000000000000e+01 -2.000000000000000000e+01
-2.000000000000000000e+01 -2.000000000000000000e+01
-2.000000000000000000e+01 -2.000000000000000000e+01
-2.000000000000000000e+01 -2.000000000000000000e+01
-2.000000000000000000e+01 -2.000000000000000000e+01
-2.000000000000000000e+01 -2.000000000000000000e+01
2.000000000000000000e+01 -2.000000000000000000e+01
2.000000000000000000e+01 -2.000000000000000000e+01
2.000000000000000000e+01 2.000000000000000000e+01
2.000000000000000000e+01 2.000000000000000000e+01
2.000000000000000000e+01 2.000000000000000000e+01
2.000000000000000000e+01 2.000000000000000000e+01
2.000000000000000000e+01 2.000000000000000000e+01
2.000000000000000000e+01 2.000000000000000000e+01
2.000000000000000000e+01 2.000000000000000000e+01
2.000000000000000000e+01 2.000000000000000000e+01
-2.000000000000000000e+01 2.000000000000000000e+01
-2.000000000000000000e+01 2.000000000000000000e+01
-2.000000000000000000e+01 1.999997711181640625e+01
-2.000000000000000000e+01 -2.000000000000000000e+01
-2.000000000000000000e+01 -2.000000000000000000e+01
-2.000000000000000000e+01 -2.000000000000000000e+01
-2.000000000000000000e+01 -2.000000000000000000e+01
-2.000000000000000000e+01 -2.000000000000000000e+01
-2.000000000000000000e+01 -2.000000000000000000e+01
-2.000000000000000000e+01 -2.000000000000000000e+01
2.000000000000000000e+01 -2.000000000000000000e+01
2.000000000000000000e+01 -2.000000000000000000e+01
2.000000000000000000e+01 2.000000000000000000e+01
2.000000000000000000e+01 2.000000000000000000e+01
2.000000000000000000e+01 -2.000000000000000000e+01
2.000000000000000000e+01 2.000000000000000000e+01
2.000000000000000000e+01 2.000000000000000000e+01
2.000000000000000000e+01 2.000000000000000000e+01
2.000000000000000000e+01 2.000000000000000000e+01
2.000000000000000000e+01 2.000000000000000000e+01
2.000000000000000000e+01 2.000000000000000000e+01
-2.000000000000000000e+01 2.000000000000000000e+01
-2.000000000000000000e+01 2.000000000000000000e+01
-2.000000000000000000e+01 2.000000000000000000e+01
-2.000000000000000000e+01 -2.000000000000000000e+01
-2.000000000000000000e+01 -2.000000000000000000e+01
-2.000000000000000000e+01 -2.000000000000000000e+01
-2.000000000000000000e+01 -2.000000000000000000e+01
-2.000000000000000000e+01 -2.000000000000000000e+01
-2.000000000000000000e+01 -2.000000000000000000e+01
-2.000000000000000000e+01 -2.000000000000000000e+01
2.000000000000000000e+01 -2.000000000000000000e+01
2.000000000000000000e+01 -2.000000000000000000e+01
2.000000000000000000e+01 2.000000000000000000e+01
2.000000000000000000e+01 2.000000000000000000e+01
2.000000000000000000e+01 -1.949465370178222656e+01
2.000000000000000000e+01 2.000000000000000000e+01
2.000000000000000000e+01 2.000000000000000000e+01
2.000000000000000000e+01 2.000000000000000000e+01
2.000000000000000000e+01 2.000000000000000000e+01
2.000000000000000000e+01 2.000000000000000000e+01
-1.999993133544921875e+01 2.000000000000000000e+01
-2.000000000000000000e+01 2.000000000000000000e+01
-2.000000000000000000e+01 2.000000000000000000e+01
-2.000000000000000000e+01 -2.000000000000000000e+01
-2.000000000000000000e+01 -2.000000000000000000e+01
-2.000000000000000000e+01 -2.000000000000000000e+01
-2.000000000000000000e+01 -2.000000000000000000e+01
-2.000000000000000000e+01 -2.000000000000000000e+01
-2.000000000000000000e+01 -2.000000000000000000e+01
2.000000000000000000e+01 -2.000000000000000000e+01
2.000000000000000000e+01 -2.000000000000000000e+01
2.000000000000000000e+01 2.000000000000000000e+01
2.000000000000000000e+01 2.000000000000000000e+01
2.000000000000000000e+01 2.000000000000000000e+01
2.000000000000000000e+01 2.000000000000000000e+01
2.000000000000000000e+01 2.000000000000000000e+01
2.000000000000000000e+01 2.000000000000000000e+01
2.000000000000000000e+01 2.000000000000000000e+01
2.000000000000000000e+01 2.000000000000000000e+01
-2.000000000000000000e+01 2.000000000000000000e+01
-2.000000000000000000e+01 2.000000000000000000e+01
-2.000000000000000000e+01 -2.000000000000000000e+01
-2.000000000000000000e+01 -2.000000000000000000e+01
-2.000000000000000000e+01 -2.000000000000000000e+01
-2.000000000000000000e+01 -2.000000000000000000e+01
-2.000000000000000000e+01 -2.000000000000000000e+01
-2.000000000000000000e+01 -2.000000000000000000e+01
-2.000000000000000000e+01 -2.000000000000000000e+01
2.000000000000000000e+01 -2.000000000000000000e+01
2.000000000000000000e+01 2.000000000000000000e+01
2.000000000000000000e+01 2.000000000000000000e+01
2.000000000000000000e+01 -2.000000000000000000e+01
2.000000000000000000e+01 2.000000000000000000e+01
2.000000000000000000e+01 2.000000000000000000e+01
2.000000000000000000e+01 2.000000000000000000e+01
2.000000000000000000e+01 2.000000000000000000e+01
2.000000000000000000e+01 2.000000000000000000e+01
-2.000000000000000000e+01 2.000000000000000000e+01
-2.000000000000000000e+01 2.000000000000000000e+01
-2.000000000000000000e+01 -2.000000000000000000e+01
-2.000000000000000000e+01 2.000000000000000000e+01
-2.000000000000000000e+01 -2.000000000000000000e+01
-2.000000000000000000e+01 -2.000000000000000000e+01
-2.000000000000000000e+01 -2.000000000000000000e+01
-2.000000000000000000e+01 -2.000000000000000000e+01
-2.000000000000000000e+01 -2.000000000000000000e+01
-2.000000000000000000e+01 -2.000000000000000000e+01
2.000000000000000000e+01 -2.000000000000000000e+01
2.000000000000000000e+01 -2.000000000000000000e+01
2.000000000000000000e+01 2.000000000000000000e+01
2.000000000000000000e+01 2.000000000000000000e+01
2.000000000000000000e+01 -2.000000000000000000e+01
2.000000000000000000e+01 2.000000000000000000e+01
2.000000000000000000e+01 2.000000000000000000e+01
2.000000000000000000e+01 2.000000000000000000e+01
2.000000000000000000e+01 2.000000000000000000e+01
2.000000000000000000e+01 2.000000000000000000e+01
2.000000000000000000e+01 2.000000000000000000e+01
-2.000000000000000000e+01 2.000000000000000000e+01
-2.000000000000000000e+01 2.000000000000000000e+01
-2.000000000000000000e+01 2.000000000000000000e+01
-2.000000000000000000e+01 -2.000000000000000000e+01
-2.000000000000000000e+01 -2.000000000000000000e+01
-2.000000000000000000e+01 -2.000000000000000000e+01
-2.000000000000000000e+01 -2.000000000000000000e+01
-2.000000000000000000e+01 -2.000000000000000000e+01
-2.000000000000000000e+01 -2.000000000000000000e+01
-2.000000000000000000e+01 -2.000000000000000000e+01
2.000000000000000000e+01 -2.000000000000000000e+01
2.000000000000000000e+01 -2.000000000000000000e+01
2.000000000000000000e+01 2.000000000000000000e+01
2.000000000000000000e+01 2.000000000000000000e+01
2.000000000000000000e+01 2.000000000000000000e+01
2.000000000000000000e+01 2.000000000000000000e+01
2.000000000000000000e+01 2.000000000000000000e+01
2.000000000000000000e+01 2.000000000000000000e+01
2.000000000000000000e+01 2.000000000000000000e+01
2.000000000000000000e+01 2.000000000000000000e+01
-2.000000000000000000e+01 2.000000000000000000e+01
-2.000000000000000000e+01 2.000000000000000000e+01
-2.000000000000000000e+01 -2.000000000000000000e+01
-2.000000000000000000e+01 -2.000000000000000000e+01
-2.000000000000000000e+01 -2.000000000000000000e+01
-2.000000000000000000e+01 -2.000000000000000000e+01
-2.000000000000000000e+01 -2.000000000000000000e+01
-2.000000000000000000e+01 -2.000000000000000000e+01
-2.000000000000000000e+01 -2.000000000000000000e+01
1.999213218688964844e+01 -2.000000000000000000e+01
2.000000000000000000e+01 2.000000000000000000e+01
2.000000000000000000e+01 -2.000000000000000000e+01
2.000000000000000000e+01 2.000000000000000000e+01
2.000000000000000000e+01 2.000000000000000000e+01
2.000000000000000000e+01 2.000000000000000000e+01
2.000000000000000000e+01 2.000000000000000000e+01
2.000000000000000000e+01 2.000000000000000000e+01
2.000000000000000000e+01 2.000000000000000000e+01
2.000000000000000000e+01 2.000000000000000000e+01
-2.000000000000000000e+01 2.000000000000000000e+01
-2.000000000000000000e+01 2.000000000000000000e+01
-2.000000000000000000e+01 -2.000000000000000000e+01
-2.000000000000000000e+01 -2.000000000000000000e+01
-2.000000000000000000e+01 -2.000000000000000000e+01
-2.000000000000000000e+01 -2.000000000000000000e+01
-2.000000000000000000e+01 -2.000000000000000000e+01
-2.000000000000000000e+01 -2.000000000000000000e+01
-2.000000000000000000e+01 -2.000000000000000000e+01
-2.000000000000000000e+01 -2.000000000000000000e+01
2.000000000000000000e+01 -2.000000000000000000e+01
2.000000000000000000e+01 2.000000000000000000e+01
2.000000000000000000e+01 2.000000000000000000e+01
2.000000000000000000e+01 -2.000000000000000000e+01
2.000000000000000000e+01 2.000000000000000000e+01
2.000000000000000000e+01 2.000000000000000000e+01
2.000000000000000000e+01 2.000000000000000000e+01
2.000000000000000000e+01 2.000000000000000000e+01
2.000000000000000000e+01 2.000000000000000000e+01
2.000000000000000000e+01 2.000000000000000000e+01
-2.000000000000000000e+01 2.000000000000000000e+01
-2.000000000000000000e+01 2.000000000000000000e+01
-2.000000000000000000e+01 -2.000000000000000000e+01
-2.000000000000000000e+01 1.974332809448242188e+01
-2.000000000000000000e+01 -2.000000000000000000e+01
-2.000000000000000000e+01 -2.000000000000000000e+01
-2.000000000000000000e+01 -2.000000000000000000e+01
-2.000000000000000000e+01 -2.000000000000000000e+01
-2.000000000000000000e+01 -2.000000000000000000e+01
-2.000000000000000000e+01 -2.000000000000000000e+01
1.600673675537109375e+01 -2.000000000000000000e+01
2.000000000000000000e+01 -2.000000000000000000e+01
2.000000000000000000e+01 2.000000000000000000e+01
2.000000000000000000e+01 2.000000000000000000e+01
2.000000000000000000e+01 -2.000000000000000000e+01
2.000000000000000000e+01 2.000000000000000000e+01
2.000000000000000000e+01 2.000000000000000000e+01
2.000000000000000000e+01 2.000000000000000000e+01
2.000000000000000000e+01 2.000000000000000000e+01
2.000000000000000000e+01 2.000000000000000000e+01
-2.000000000000000000e+01 2.000000000000000000e+01
-2.000000000000000000e+01 2.000000000000000000e+01
-2.000000000000000000e+01 -2.000000000000000000e+01
-2.000000000000000000e+01 1.644118309020996094e+01
-2.000000000000000000e+01 -2.000000000000000000e+01
-2.000000000000000000e+01 -2.000000000000000000e+01
-2.000000000000000000e+01 -2.000000000000000000e+01
-2.000000000000000000e+01 -2.000000000000000000e+01
-2.000000000000000000e+01 -2.000000000000000000e+01
-2.000000000000000000e+01 -2.000000000000000000e+01
2.000000000000000000e+01 -2.000000000000000000e+01
2.000000000000000000e+01 -2.000000000000000000e+01
2.000000000000000000e+01 2.000000000000000000e+01
2.000000000000000000e+01 2.000000000000000000e+01
2.000000000000000000e+01 -2.000000000000000000e+01
2.000000000000000000e+01 2.000000000000000000e+01
2.000000000000000000e+01 2.000000000000000000e+01
2.000000000000000000e+01 2.000000000000000000e+01
2.000000000000000000e+01 2.000000000000000000e+01
2.000000000000000000e+01 2.000000000000000000e+01
-2.000000000000000000e+01 2.000000000000000000e+01
-2.000000000000000000e+01 2.000000000000000000e+01
-2.000000000000000000e+01 1.999999618530273438e+01
-2.000000000000000000e+01 -2.000000000000000000e+01
-2.000000000000000000e+01 -2.000000000000000000e+01
-2.000000000000000000e+01 -1.985470581054687500e+01
-2.000000000000000000e+01 2.000000000000000000e+01
-2.000000000000000000e+01 -2.000000000000000000e+01
-2.000000000000000000e+01 -2.000000000000000000e+01
-2.000000000000000000e+01 -2.000000000000000000e+01
-2.000000000000000000e+01 -2.000000000000000000e+01
2.000000000000000000e+01 -2.000000000000000000e+01
2.000000000000000000e+01 -2.000000000000000000e+01
2.000000000000000000e+01 2.000000000000000000e+01
2.000000000000000000e+01 -2.000000000000000000e+01
2.000000000000000000e+01 2.000000000000000000e+01
2.000000000000000000e+01 2.000000000000000000e+01
2.000000000000000000e+01 2.000000000000000000e+01
2.000000000000000000e+01 -1.999998474121093750e+01
2.000000000000000000e+01 2.000000000000000000e+01
2.000000000000000000e+01 2.000000000000000000e+01
2.000000000000000000e+01 2.000000000000000000e+01
-2.000000000000000000e+01 2.000000000000000000e+01
-2.000000000000000000e+01 2.000000000000000000e+01
-2.000000000000000000e+01 2.000000000000000000e+01
-2.000000000000000000e+01 -2.000000000000000000e+01
-2.000000000000000000e+01 -2.000000000000000000e+01
-2.000000000000000000e+01 1.999949836730957031e+01
-2.000000000000000000e+01 -2.000000000000000000e+01
-2.000000000000000000e+01 -2.000000000000000000e+01
-2.000000000000000000e+01 -2.000000000000000000e+01
-2.000000000000000000e+01 -2.000000000000000000e+01
2.000000000000000000e+01 -2.000000000000000000e+01
2.000000000000000000e+01 -2.000000000000000000e+01
2.000000000000000000e+01 2.000000000000000000e+01
2.000000000000000000e+01 -2.000000000000000000e+01
2.000000000000000000e+01 2.000000000000000000e+01
2.000000000000000000e+01 2.000000000000000000e+01
2.000000000000000000e+01 2.000000000000000000e+01
2.000000000000000000e+01 2.000000000000000000e+01
2.000000000000000000e+01 2.000000000000000000e+01
2.000000000000000000e+01 2.000000000000000000e+01
2.000000000000000000e+01 2.000000000000000000e+01
2.000000000000000000e+01 2.000000000000000000e+01
2.000000000000000000e+01 2.000000000000000000e+01
-2.000000000000000000e+01 2.000000000000000000e+01
-2.000000000000000000e+01 -2.000000000000000000e+01
-2.000000000000000000e+01 2.000000000000000000e+01
-2.000000000000000000e+01 -2.000000000000000000e+01
-2.000000000000000000e+01 2.000000000000000000e+01
-2.000000000000000000e+01 -2.000000000000000000e+01
-2.000000000000000000e+01 -1.999904632568359375e+01
-2.000000000000000000e+01 2.000000000000000000e+01
-2.000000000000000000e+01 -2.000000000000000000e+01
-2.000000000000000000e+01 -2.000000000000000000e+01
-2.000000000000000000e+01 -2.000000000000000000e+01
-2.000000000000000000e+01 -2.000000000000000000e+01
-2.000000000000000000e+01 -2.000000000000000000e+01
2.000000000000000000e+01 -2.000000000000000000e+01
2.000000000000000000e+01 -2.000000000000000000e+01
2.000000000000000000e+01 -2.000000000000000000e+01
2.000000000000000000e+01 2.000000000000000000e+01
2.000000000000000000e+01 -2.000000000000000000e+01
2.000000000000000000e+01 2.000000000000000000e+01
2.000000000000000000e+01 2.000000000000000000e+01
2.000000000000000000e+01 -2.000000000000000000e+01
2.000000000000000000e+01 2.000000000000000000e+01
2.000000000000000000e+01 2.000000000000000000e+01
2.000000000000000000e+01 2.000000000000000000e+01
2.000000000000000000e+01 2.000000000000000000e+01
2.000000000000000000e+01 2.000000000000000000e+01
-2.000000000000000000e+01 2.000000000000000000e+01
-2.000000000000000000e+01 -1.999999809265136719e+01
-2.000000000000000000e+01 2.000000000000000000e+01
-2.000000000000000000e+01 1.999743652343750000e+01
-2.000000000000000000e+01 -2.000000000000000000e+01
-2.000000000000000000e+01 -1.899363136291503906e+01
-2.000000000000000000e+01 2.000000000000000000e+01
-2.000000000000000000e+01 -2.000000000000000000e+01
-2.000000000000000000e+01 -2.000000000000000000e+01
-2.000000000000000000e+01 -2.000000000000000000e+01
-2.000000000000000000e+01 -2.000000000000000000e+01
1.989941787719726562e+01 -2.000000000000000000e+01
2.000000000000000000e+01 -2.000000000000000000e+01
2.000000000000000000e+01 2.000000000000000000e+01
2.000000000000000000e+01 -2.000000000000000000e+01
2.000000000000000000e+01 2.000000000000000000e+01
2.000000000000000000e+01 -2.000000000000000000e+01
2.000000000000000000e+01 2.000000000000000000e+01
2.000000000000000000e+01 2.000000000000000000e+01
2.000000000000000000e+01 2.000000000000000000e+01
2.000000000000000000e+01 2.000000000000000000e+01
2.000000000000000000e+01 2.000000000000000000e+01
2.000000000000000000e+01 2.000000000000000000e+01
2.000000000000000000e+01 2.000000000000000000e+01
-2.000000000000000000e+01 2.000000000000000000e+01
-2.000000000000000000e+01 -2.000000000000000000e+01
-2.000000000000000000e+01 1.998895263671875000e+01
-2.000000000000000000e+01 -2.000000000000000000e+01
-2.000000000000000000e+01 2.000000000000000000e+01
-2.000000000000000000e+01 1.999999809265136719e+01
-2.000000000000000000e+01 -2.000000000000000000e+01
-2.000000000000000000e+01 -2.000000000000000000e+01
-2.000000000000000000e+01 1.989101028442382812e+01
-2.000000000000000000e+01 -2.000000000000000000e+01
-2.000000000000000000e+01 -2.000000000000000000e+01
-2.000000000000000000e+01 -2.000000000000000000e+01
-2.000000000000000000e+01 -2.000000000000000000e+01
2.000000000000000000e+01 -2.000000000000000000e+01
2.000000000000000000e+01 -2.000000000000000000e+01
2.000000000000000000e+01 -2.000000000000000000e+01
2.000000000000000000e+01 -2.000000000000000000e+01
2.000000000000000000e+01 2.000000000000000000e+01
2.000000000000000000e+01 -2.000000000000000000e+01
2.000000000000000000e+01 2.000000000000000000e+01
2.000000000000000000e+01 1.999892616271972656e+01
2.000000000000000000e+01 -2.000000000000000000e+01
2.000000000000000000e+01 2.000000000000000000e+01
2.000000000000000000e+01 2.000000000000000000e+01
2.000000000000000000e+01 2.000000000000000000e+01
2.000000000000000000e+01 2.000000000000000000e+01
2.000000000000000000e+01 2.000000000000000000e+01
-2.000000000000000000e+01 2.000000000000000000e+01
-2.000000000000000000e+01 -2.000000000000000000e+01
-2.000000000000000000e+01 2.000000000000000000e+01
-2.000000000000000000e+01 1.910947418212890625e+01
-2.000000000000000000e+01 -2.000000000000000000e+01
-2.000000000000000000e+01 2.000000000000000000e+01
-2.000000000000000000e+01 -2.000000000000000000e+01
-2.000000000000000000e+01 2.000000000000000000e+01
-2.000000000000000000e+01 -2.000000000000000000e+01
-2.000000000000000000e+01 -2.000000000000000000e+01
-2.000000000000000000e+01 -2.000000000000000000e+01
-2.000000000000000000e+01 -1.999833679199218750e+01
2.000000000000000000e+01 -2.000000000000000000e+01
2.000000000000000000e+01 -2.000000000000000000e+01
2.000000000000000000e+01 -2.000000000000000000e+01
2.000000000000000000e+01 -1.906652641296386719e+01
2.000000000000000000e+01 2.000000000000000000e+01
2.000000000000000000e+01 -2.000000000000000000e+01
2.000000000000000000e+01 2.000000000000000000e+01
2.000000000000000000e+01 2.000000000000000000e+01
2.000000000000000000e+01 -2.000000000000000000e+01
2.000000000000000000e+01 2.000000000000000000e+01
2.000000000000000000e+01 2.000000000000000000e+01
2.000000000000000000e+01 2.000000000000000000e+01
2.000000000000000000e+01 2.000000000000000000e+01
-2.000000000000000000e+01 2.000000000000000000e+01
-2.000000000000000000e+01 -2.000000000000000000e+01
-2.000000000000000000e+01 2.000000000000000000e+01
-2.000000000000000000e+01 2.000000000000000000e+01
-2.000000000000000000e+01 -2.000000000000000000e+01
-2.000000000000000000e+01 2.000000000000000000e+01
-2.000000000000000000e+01 -1.729091835021972656e+01
-2.000000000000000000e+01 2.000000000000000000e+01
-2.000000000000000000e+01 -2.000000000000000000e+01
-2.000000000000000000e+01 -2.000000000000000000e+01
-2.000000000000000000e+01 -2.000000000000000000e+01
-2.000000000000000000e+01 2.000000000000000000e+01
2.000000000000000000e+01 -2.000000000000000000e+01
-2.000000000000000000e+01 -2.000000000000000000e+01
2.000000000000000000e+01 -2.000000000000000000e+01
2.000000000000000000e+01 -2.000000000000000000e+01
2.000000000000000000e+01 -2.000000000000000000e+01
2.000000000000000000e+01 1.999936294555664062e+01
2.000000000000000000e+01 -2.000000000000000000e+01
2.000000000000000000e+01 2.000000000000000000e+01
2.000000000000000000e+01 -2.000000000000000000e+01
2.000000000000000000e+01 2.000000000000000000e+01
2.000000000000000000e+01 2.000000000000000000e+01
2.000000000000000000e+01 -2.000000000000000000e+01
2.000000000000000000e+01 2.000000000000000000e+01
2.000000000000000000e+01 2.000000000000000000e+01
2.000000000000000000e+01 2.000000000000000000e+01
2.000000000000000000e+01 2.000000000000000000e+01
-2.000000000000000000e+01 2.000000000000000000e+01
-2.000000000000000000e+01 -1.999532318115234375e+01
-2.000000000000000000e+01 2.000000000000000000e+01
-2.000000000000000000e+01 2.000000000000000000e+01
-2.000000000000000000e+01 -2.000000000000000000e+01
-2.000000000000000000e+01 2.000000000000000000e+01
-2.000000000000000000e+01 2.000000000000000000e+01
-2.000000000000000000e+01 -2.000000000000000000e+01
-2.000000000000000000e+01 -2.000000000000000000e+01
-2.000000000000000000e+01 1.997714614868164062e+01
-2.000000000000000000e+01 -2.000000000000000000e+01
-2.000000000000000000e+01 5.405714988708496094e+00
2.000000000000000000e+01 -1.984546279907226562e+01
-2.000000000000000000e+01 -2.000000000000000000e+01
2.000000000000000000e+01 -2.000000000000000000e+01
2.000000000000000000e+01 -2.000000000000000000e+01
2.000000000000000000e+01 -2.000000000000000000e+01
2.000000000000000000e+01 -2.000000000000000000e+01
2.000000000000000000e+01 2.000000000000000000e+01
2.000000000000000000e+01 -2.000000000000000000e+01
2.000000000000000000e+01 2.000000000000000000e+01
2.000000000000000000e+01 -2.000000000000000000e+01
2.000000000000000000e+01 2.000000000000000000e+01
2.000000000000000000e+01 2.000000000000000000e+01
2.000000000000000000e+01 2.000000000000000000e+01
2.000000000000000000e+01 2.000000000000000000e+01
2.000000000000000000e+01 2.000000000000000000e+01
2.000000000000000000e+01 2.000000000000000000e+01
2.000000000000000000e+01 2.000000000000000000e+01
2.000000000000000000e+01 2.000000000000000000e+01
1.178656196594238281e+01 2.000000000000000000e+01
2.000000000000000000e+01 2.000000000000000000e+01
-2.000000000000000000e+01 2.000000000000000000e+01
-2.000000000000000000e+01 -2.000000000000000000e+01
-2.000000000000000000e+01 2.000000000000000000e+01
-2.000000000000000000e+01 2.000000000000000000e+01
-2.000000000000000000e+01 -1.999999809265136719e+01
-2.000000000000000000e+01 2.000000000000000000e+01
-2.000000000000000000e+01 2.000000000000000000e+01
-2.000000000000000000e+01 -1.999994468688964844e+01
-2.000000000000000000e+01 2.000000000000000000e+01
-2.000000000000000000e+01 2.000000000000000000e+01
-2.000000000000000000e+01 -2.000000000000000000e+01
2.000000000000000000e+01 2.000000000000000000e+01
-2.000000000000000000e+01 -2.000000000000000000e+01
2.000000000000000000e+01 -2.000000000000000000e+01
-2.000000000000000000e+01 -2.000000000000000000e+01
-2.000000000000000000e+01 -2.000000000000000000e+01
2.000000000000000000e+01 -2.000000000000000000e+01
-2.000000000000000000e+01 -2.000000000000000000e+01
2.000000000000000000e+01 -2.000000000000000000e+01
2.000000000000000000e+01 -2.000000000000000000e+01
2.000000000000000000e+01 -2.000000000000000000e+01
2.000000000000000000e+01 -2.000000000000000000e+01
2.000000000000000000e+01 -2.000000000000000000e+01
2.000000000000000000e+01 2.000000000000000000e+01
2.000000000000000000e+01 -2.000000000000000000e+01
2.000000000000000000e+01 2.000000000000000000e+01
2.000000000000000000e+01 -2.000000000000000000e+01
2.000000000000000000e+01 2.000000000000000000e+01
2.000000000000000000e+01 2.000000000000000000e+01
2.000000000000000000e+01 -2.000000000000000000e+01
2.000000000000000000e+01 2.000000000000000000e+01
2.000000000000000000e+01 2.000000000000000000e+01
2.000000000000000000e+01 2.000000000000000000e+01
-2.000000000000000000e+01 2.000000000000000000e+01
-2.000000000000000000e+01 -2.000000000000000000e+01
-2.000000000000000000e+01 2.000000000000000000e+01
-2.000000000000000000e+01 2.000000000000000000e+01
-2.000000000000000000e+01 2.000000000000000000e+01
-2.000000000000000000e+01 -2.000000000000000000e+01
-2.000000000000000000e+01 2.000000000000000000e+01
-2.000000000000000000e+01 2.000000000000000000e+01
-2.000000000000000000e+01 -2.000000000000000000e+01
-2.000000000000000000e+01 2.000000000000000000e+01
-2.000000000000000000e+01 2.000000000000000000e+01
2.000000000000000000e+01 -2.000000000000000000e+01
-2.000000000000000000e+01 -2.000000000000000000e+01
2.000000000000000000e+01 -2.000000000000000000e+01
-2.000000000000000000e+01 -2.000000000000000000e+01
2.000000000000000000e+01 -2.000000000000000000e+01
1.549184894561767578e+01 -2.000000000000000000e+01
2.000000000000000000e+01 -2.000000000000000000e+01
2.000000000000000000e+01 -2.000000000000000000e+01
2.000000000000000000e+01 -2.000000000000000000e+01
2.000000000000000000e+01 2.000000000000000000e+01
2.000000000000000000e+01 -2.000000000000000000e+01
2.000000000000000000e+01 2.000000000000000000e+01
2.000000000000000000e+01 -2.000000000000000000e+01
2.000000000000000000e+01 2.000000000000000000e+01
2.000000000000000000e+01 2.000000000000000000e+01
2.000000000000000000e+01 2.000000000000000000e+01
2.000000000000000000e+01 2.000000000000000000e+01
2.000000000000000000e+01 2.000000000000000000e+01
2.000000000000000000e+01 2.000000000000000000e+01
2.000000000000000000e+01 2.000000000000000000e+01
-2.000000000000000000e+01 2.000000000000000000e+01
-2.000000000000000000e+01 -2.000000000000000000e+01
-2.000000000000000000e+01 2.000000000000000000e+01
-2.000000000000000000e+01 2.000000000000000000e+01
-2.000000000000000000e+01 2.000000000000000000e+01
-2.000000000000000000e+01 2.000000000000000000e+01
-2.000000000000000000e+01 2.000000000000000000e+01
-2.000000000000000000e+01 -1.853742408752441406e+01
-2.000000000000000000e+01 2.000000000000000000e+01
-2.000000000000000000e+01 2.000000000000000000e+01
2.000000000000000000e+01 2.000000000000000000e+01
2.000000000000000000e+01 -2.000000000000000000e+01
2.000000000000000000e+01 -2.000000000000000000e+01
-2.000000000000000000e+01 -2.000000000000000000e+01
-2.000000000000000000e+01 -2.000000000000000000e+01
-2.000000000000000000e+01 -2.000000000000000000e+01
2.000000000000000000e+01 2.000000000000000000e+01
-2.000000000000000000e+01 -2.000000000000000000e+01
-1.999999809265136719e+01 -2.000000000000000000e+01
2.000000000000000000e+01 2.000000000000000000e+01
-2.000000000000000000e+01 -2.000000000000000000e+01
-2.000000000000000000e+01 -2.000000000000000000e+01
2.000000000000000000e+01 1.966758918762207031e+01
-2.000000000000000000e+01 -2.000000000000000000e+01
-2.000000000000000000e+01 -2.000000000000000000e+01
2.000000000000000000e+01 -2.000000000000000000e+01
2.000000000000000000e+01 -2.000000000000000000e+01
2.000000000000000000e+01 -2.000000000000000000e+01
2.000000000000000000e+01 -2.000000000000000000e+01
2.000000000000000000e+01 -2.000000000000000000e+01
2.000000000000000000e+01 2.000000000000000000e+01
2.000000000000000000e+01 -2.000000000000000000e+01
2.000000000000000000e+01 2.000000000000000000e+01
2.000000000000000000e+01 -2.000000000000000000e+01
2.000000000000000000e+01 2.000000000000000000e+01
2.000000000000000000e+01 2.000000000000000000e+01
2.000000000000000000e+01 -1.998500442504882812e+01
2.000000000000000000e+01 2.000000000000000000e+01
2.000000000000000000e+01 2.000000000000000000e+01
2.000000000000000000e+01 2.000000000000000000e+01
-2.000000000000000000e+01 2.000000000000000000e+01
-2.000000000000000000e+01 -2.000000000000000000e+01
-2.000000000000000000e+01 2.000000000000000000e+01
-2.000000000000000000e+01 2.000000000000000000e+01
-2.000000000000000000e+01 2.000000000000000000e+01
-2.000000000000000000e+01 2.000000000000000000e+01
-2.000000000000000000e+01 1.982279968261718750e+01
-2.000000000000000000e+01 -1.999999809265136719e+01
-2.000000000000000000e+01 2.000000000000000000e+01
-2.000000000000000000e+01 2.000000000000000000e+01
2.000000000000000000e+01 1.999990844726562500e+01
2.000000000000000000e+01 -2.000000000000000000e+01
-2.000000000000000000e+01 -2.000000000000000000e+01
-2.000000000000000000e+01 -2.000000000000000000e+01
2.000000000000000000e+01 1.995199394226074219e+01
-2.000000000000000000e+01 -2.000000000000000000e+01
2.000000000000000000e+01 -2.000000000000000000e+01
-2.000000000000000000e+01 -2.000000000000000000e+01
2.000000000000000000e+01 -2.000000000000000000e+01
2.000000000000000000e+01 -2.000000000000000000e+01
2.000000000000000000e+01 -2.000000000000000000e+01
2.000000000000000000e+01 -2.000000000000000000e+01
2.000000000000000000e+01 -2.000000000000000000e+01
2.000000000000000000e+01 2.000000000000000000e+01
2.000000000000000000e+01 -2.000000000000000000e+01
2.000000000000000000e+01 2.000000000000000000e+01
2.000000000000000000e+01 -2.000000000000000000e+01
2.000000000000000000e+01 2.000000000000000000e+01
2.000000000000000000e+01 2.000000000000000000e+01
2.000000000000000000e+01 2.000000000000000000e+01
2.000000000000000000e+01 2.000000000000000000e+01
2.000000000000000000e+01 2.000000000000000000e+01
2.000000000000000000e+01 2.000000000000000000e+01
-2.000000000000000000e+01 2.000000000000000000e+01
-2.000000000000000000e+01 -2.000000000000000000e+01
-2.000000000000000000e+01 2.000000000000000000e+01
-2.000000000000000000e+01 2.000000000000000000e+01
-2.000000000000000000e+01 2.000000000000000000e+01
-2.000000000000000000e+01 2.000000000000000000e+01
-2.000000000000000000e+01 2.000000000000000000e+01
-2.000000000000000000e+01 2.000000000000000000e+01
-2.000000000000000000e+01 2.000000000000000000e+01
2.000000000000000000e+01 1.999999046325683594e+01
2.000000000000000000e+01 -2.000000000000000000e+01
2.000000000000000000e+01 -1.999914169311523438e+01
-2.000000000000000000e+01 -2.000000000000000000e+01
-2.000000000000000000e+01 -2.000000000000000000e+01
-2.000000000000000000e+01 1.999978446960449219e+01
2.000000000000000000e+01 2.000000000000000000e+01
2.000000000000000000e+01 2.000000000000000000e+01
2.000000000000000000e+01 -1.972711181640625000e+01
-2.000000000000000000e+01 -2.000000000000000000e+01
-2.000000000000000000e+01 -2.000000000000000000e+01
-2.000000000000000000e+01 -5.360282897949218750e+00
-2.000000000000000000e+01 2.000000000000000000e+01
-2.000000000000000000e+01 2.000000000000000000e+01
2.000000000000000000e+01 2.000000000000000000e+01
-2.000000000000000000e+01 1.999975013732910156e+01
2.000000000000000000e+01 2.000000000000000000e+01
-2.000000000000000000e+01 -2.000000000000000000e+01
-2.000000000000000000e+01 -2.000000000000000000e+01
-2.000000000000000000e+01 -2.000000000000000000e+01
-2.000000000000000000e+01 2.000000000000000000e+01
-2.000000000000000000e+01 -1.999962806701660156e+01
-2.000000000000000000e+01 2.000000000000000000e+01
-2.000000000000000000e+01 -2.000000000000000000e+01
-2.000000000000000000e+01 2.000000000000000000e+01
-2.000000000000000000e+01 -2.000000000000000000e+01
-1.999975013732910156e+01 2.000000000000000000e+01
-2.000000000000000000e+01 -2.000000000000000000e+01
1.999898910522460938e+01 1.999175453186035156e+01
-2.000000000000000000e+01 -2.000000000000000000e+01
-2.000000000000000000e+01 -2.000000000000000000e+01
2.000000000000000000e+01 -1.999999809265136719e+01
-2.000000000000000000e+01 -2.000000000000000000e+01
2.000000000000000000e+01 -2.000000000000000000e+01
2.000000000000000000e+01 -2.000000000000000000e+01
2.000000000000000000e+01 -2.000000000000000000e+01
2.000000000000000000e+01 -2.000000000000000000e+01
2.000000000000000000e+01 -2.000000000000000000e+01
2.000000000000000000e+01 2.000000000000000000e+01
2.000000000000000000e+01 -2.000000000000000000e+01
2.000000000000000000e+01 2.000000000000000000e+01
2.000000000000000000e+01 -2.000000000000000000e+01
2.000000000000000000e+01 2.000000000000000000e+01
2.000000000000000000e+01 2.000000000000000000e+01
2.000000000000000000e+01 -2.000000000000000000e+01
2.000000000000000000e+01 2.000000000000000000e+01
2.000000000000000000e+01 2.000000000000000000e+01
2.000000000000000000e+01 2.000000000000000000e+01
-2.000000000000000000e+01 2.000000000000000000e+01
-2.000000000000000000e+01 -2.000000000000000000e+01
-2.000000000000000000e+01 2.000000000000000000e+01
-2.000000000000000000e+01 2.000000000000000000e+01
-2.000000000000000000e+01 2.000000000000000000e+01
-2.000000000000000000e+01 2.000000000000000000e+01
-2.000000000000000000e+01 2.000000000000000000e+01
-2.000000000000000000e+01 1.999998474121093750e+01
-2.000000000000000000e+01 -1.999999809265136719e+01
2.000000000000000000e+01 2.000000000000000000e+01
-2.000000000000000000e+01 -2.000000000000000000e+01
2.000000000000000000e+01 1.999984550476074219e+01
1.999976539611816406e+01 -2.000000000000000000e+01
-2.000000000000000000e+01 -2.000000000000000000e+01
-2.000000000000000000e+01 -2.000000000000000000e+01
2.000000000000000000e+01 -1.886435317993164062e+01
-2.000000000000000000e+01 -2.000000000000000000e+01
2.000000000000000000e+01 -1.999959182739257812e+01
2.000000000000000000e+01 -2.000000000000000000e+01
2.000000000000000000e+01 -2.000000000000000000e+01
2.000000000000000000e+01 -2.000000000000000000e+01
2.000000000000000000e+01 2.000000000000000000e+01
2.000000000000000000e+01 -2.000000000000000000e+01
2.000000000000000000e+01 2.000000000000000000e+01
2.000000000000000000e+01 -2.000000000000000000e+01
2.000000000000000000e+01 2.000000000000000000e+01
2.000000000000000000e+01 2.000000000000000000e+01
2.000000000000000000e+01 2.000000000000000000e+01
2.000000000000000000e+01 2.000000000000000000e+01
2.000000000000000000e+01 2.000000000000000000e+01
-1.946853446960449219e+01 2.000000000000000000e+01
-2.000000000000000000e+01 -2.000000000000000000e+01
-2.000000000000000000e+01 2.000000000000000000e+01
-2.000000000000000000e+01 2.000000000000000000e+01
-2.000000000000000000e+01 2.000000000000000000e+01
-2.000000000000000000e+01 2.000000000000000000e+01
-2.000000000000000000e+01 2.000000000000000000e+01
-2.000000000000000000e+01 2.000000000000000000e+01
-1.999863433837890625e+01 1.999998855590820312e+01
2.000000000000000000e+01 1.999996566772460938e+01
2.000000000000000000e+01 -2.000000000000000000e+01
2.000000000000000000e+01 -1.863002777099609375e+01
-2.000000000000000000e+01 -2.000000000000000000e+01
-2.000000000000000000e+01 -2.000000000000000000e+01
-2.000000000000000000e+01 2.000000000000000000e+01
2.000000000000000000e+01 2.000000000000000000e+01
2.000000000000000000e+01 2.000000000000000000e+01
2.000000000000000000e+01 -1.990775299072265625e+01
-2.000000000000000000e+01 -2.000000000000000000e+01
-2.000000000000000000e+01 -2.000000000000000000e+01
-2.000000000000000000e+01 -2.000000000000000000e+01
-2.000000000000000000e+01 -2.000000000000000000e+01
-2.000000000000000000e+01 1.997913551330566406e+01
-2.000000000000000000e+01 -2.000000000000000000e+01
-2.000000000000000000e+01 -1.875788879394531250e+01
2.000000000000000000e+01 2.000000000000000000e+01
-2.000000000000000000e+01 -2.000000000000000000e+01
-2.000000000000000000e+01 -2.000000000000000000e+01
2.000000000000000000e+01 -2.000000000000000000e+01
2.000000000000000000e+01 -2.000000000000000000e+01
2.000000000000000000e+01 -2.000000000000000000e+01
2.000000000000000000e+01 -2.000000000000000000e+01
2.000000000000000000e+01 2.000000000000000000e+01
2.000000000000000000e+01 -2.000000000000000000e+01
2.000000000000000000e+01 2.000000000000000000e+01
2.000000000000000000e+01 -2.000000000000000000e+01
2.000000000000000000e+01 2.000000000000000000e+01
2.000000000000000000e+01 2.000000000000000000e+01
2.000000000000000000e+01 -1.999999809265136719e+01
2.000000000000000000e+01 2.000000000000000000e+01
2.000000000000000000e+01 2.000000000000000000e+01
2.000000000000000000e+01 2.000000000000000000e+01
-2.000000000000000000e+01 2.000000000000000000e+01
-2.000000000000000000e+01 -2.000000000000000000e+01
-2.000000000000000000e+01 2.000000000000000000e+01
-2.000000000000000000e+01 2.000000000000000000e+01
-2.000000000000000000e+01 2.000000000000000000e+01
-2.000000000000000000e+01 2.000000000000000000e+01
-2.000000000000000000e+01 2.000000000000000000e+01
-2.000000000000000000e+01 2.000000000000000000e+01
-2.000000000000000000e+01 2.000000000000000000e+01
2.000000000000000000e+01 1.999999809265136719e+01
2.000000000000000000e+01 -2.000000000000000000e+01
-2.000000000000000000e+01 -2.000000000000000000e+01
-2.000000000000000000e+01 -1.999981689453125000e+01
2.000000000000000000e+01 2.000000000000000000e+01
-2.000000000000000000e+01 -1.999996376037597656e+01
-2.000000000000000000e+01 -1.996368789672851562e+01
-1.974007415771484375e+01 2.000000000000000000e+01
-2.000000000000000000e+01 -2.000000000000000000e+01
-1.999830055236816406e+01 2.000000000000000000e+01
-2.000000000000000000e+01 -2.000000000000000000e+01
-1.999910926818847656e+01 1.418489265441894531e+01
-2.000000000000000000e+01 -2.000000000000000000e+01
2.000000000000000000e+01 2.000000000000000000e+01
-2.000000000000000000e+01 -2.000000000000000000e+01
-2.000000000000000000e+01 -2.000000000000000000e+01
2.000000000000000000e+01 2.000000000000000000e+01
-2.000000000000000000e+01 -2.000000000000000000e+01
-2.000000000000000000e+01 -2.000000000000000000e+01
2.000000000000000000e+01 -2.000000000000000000e+01
2.000000000000000000e+01 -2.000000000000000000e+01
2.000000000000000000e+01 -2.000000000000000000e+01
2.000000000000000000e+01 -2.000000000000000000e+01
2.000000000000000000e+01 -2.000000000000000000e+01
2.000000000000000000e+01 2.000000000000000000e+01
2.000000000000000000e+01 -2.000000000000000000e+01
2.000000000000000000e+01 2.000000000000000000e+01
2.000000000000000000e+01 -2.000000000000000000e+01
2.000000000000000000e+01 2.000000000000000000e+01
2.000000000000000000e+01 2.000000000000000000e+01
2.000000000000000000e+01 -2.000000000000000000e+01
2.000000000000000000e+01 2.000000000000000000e+01
2.000000000000000000e+01 2.000000000000000000e+01
2.000000000000000000e+01 2.000000000000000000e+01
2.000000000000000000e+01 2.000000000000000000e+01
-2.000000000000000000e+01 2.000000000000000000e+01
-2.000000000000000000e+01 -2.000000000000000000e+01
-2.000000000000000000e+01 2.000000000000000000e+01
-2.000000000000000000e+01 2.000000000000000000e+01
-2.000000000000000000e+01 2.000000000000000000e+01
-2.000000000000000000e+01 2.000000000000000000e+01
-2.000000000000000000e+01 2.000000000000000000e+01
-2.000000000000000000e+01 2.000000000000000000e+01
-2.000000000000000000e+01 2.000000000000000000e+01
2.000000000000000000e+01 2.000000000000000000e+01
1.999998474121093750e+01 -2.000000000000000000e+01
-2.000000000000000000e+01 -2.000000000000000000e+01
-2.000000000000000000e+01 -1.999998092651367188e+01
2.000000000000000000e+01 2.000000000000000000e+01
-2.000000000000000000e+01 -2.000000000000000000e+01
-2.000000000000000000e+01 -2.000000000000000000e+01
-1.750159835815429688e+01 2.000000000000000000e+01
-2.000000000000000000e+01 -2.000000000000000000e+01
-2.000000000000000000e+01 1.999952507019042969e+01
-2.000000000000000000e+01 -2.000000000000000000e+01
-2.000000000000000000e+01 -1.999258804321289062e+01
2.000000000000000000e+01 2.000000000000000000e+01
-2.000000000000000000e+01 -2.000000000000000000e+01
-2.000000000000000000e+01 -2.000000000000000000e+01
2.000000000000000000e+01 2.000000000000000000e+01
-2.000000000000000000e+01 -2.000000000000000000e+01
1.999999618530273438e+01 -2.000000000000000000e+01
2.000000000000000000e+01 -2.000000000000000000e+01
2.000000000000000000e+01 -2.000000000000000000e+01
2.000000000000000000e+01 -2.000000000000000000e+01
2.000000000000000000e+01 2.000000000000000000e+01
2.000000000000000000e+01 -2.000000000000000000e+01
2.000000000000000000e+01 2.000000000000000000e+01
2.000000000000000000e+01 -2.000000000000000000e+01
2.000000000000000000e+01 2.000000000000000000e+01
2.000000000000000000e+01 -2.000000000000000000e+01
2.000000000000000000e+01 2.000000000000000000e+01
2.000000000000000000e+01 2.000000000000000000e+01
2.000000000000000000e+01 2.000000000000000000e+01
2.000000000000000000e+01 2.000000000000000000e+01
2.000000000000000000e+01 2.000000000000000000e+01
-2.000000000000000000e+01 2.000000000000000000e+01
-2.000000000000000000e+01 -2.000000000000000000e+01
-2.000000000000000000e+01 2.000000000000000000e+01
-2.000000000000000000e+01 2.000000000000000000e+01
-2.000000000000000000e+01 2.000000000000000000e+01
-2.000000000000000000e+01 2.000000000000000000e+01
-2.000000000000000000e+01 2.000000000000000000e+01
-2.000000000000000000e+01 2.000000000000000000e+01
-2.000000000000000000e+01 2.000000000000000000e+01
2.000000000000000000e+01 2.000000000000000000e+01
2.000000000000000000e+01 -2.000000000000000000e+01
-1.999999809265136719e+01 -1.999998283386230469e+01
-2.000000000000000000e+01 1.946284103393554688e+01
2.000000000000000000e+01 -1.995984268188476562e+01
-2.000000000000000000e+01 -2.000000000000000000e+01
-2.000000000000000000e+01 -2.000000000000000000e+01
-2.000000000000000000e+01 2.000000000000000000e+01
-2.000000000000000000e+01 -2.000000000000000000e+01
-2.000000000000000000e+01 2.000000000000000000e+01
-2.000000000000000000e+01 -2.000000000000000000e+01
-2.000000000000000000e+01 1.928423309326171875e+01
-2.000000000000000000e+01 -2.000000000000000000e+01
-2.000000000000000000e+01 -1.998137283325195312e+01
2.000000000000000000e+01 2.000000000000000000e+01
-2.000000000000000000e+01 -2.000000000000000000e+01
-2.000000000000000000e+01 -2.000000000000000000e+01
2.000000000000000000e+01 2.000000000000000000e+01
-2.000000000000000000e+01 -2.000000000000000000e+01
2.000000000000000000e+01 -2.000000000000000000e+01
2.000000000000000000e+01 -2.000000000000000000e+01
2.000000000000000000e+01 -2.000000000000000000e+01
2.000000000000000000e+01 -2.000000000000000000e+01
2.000000000000000000e+01 2.000000000000000000e+01
2.000000000000000000e+01 -2.000000000000000000e+01
2.000000000000000000e+01 2.000000000000000000e+01
2.000000000000000000e+01 -2.000000000000000000e+01
2.000000000000000000e+01 2.000000000000000000e+01
2.000000000000000000e+01 -1.999979782104492188e+01
2.000000000000000000e+01 2.000000000000000000e+01
2.000000000000000000e+01 2.000000000000000000e+01
2.000000000000000000e+01 2.000000000000000000e+01
2.000000000000000000e+01 2.000000000000000000e+01
2.000000000000000000e+01 2.000000000000000000e+01
-2.000000000000000000e+01 2.000000000000000000e+01
-2.000000000000000000e+01 -2.000000000000000000e+01
-2.000000000000000000e+01 2.000000000000000000e+01
-2.000000000000000000e+01 2.000000000000000000e+01
-2.000000000000000000e+01 2.000000000000000000e+01
-2.000000000000000000e+01 2.000000000000000000e+01
-2.000000000000000000e+01 2.000000000000000000e+01
-2.000000000000000000e+01 2.000000000000000000e+01
-2.000000000000000000e+01 2.000000000000000000e+01
2.000000000000000000e+01 2.000000000000000000e+01
2.000000000000000000e+01 -2.000000000000000000e+01
-2.000000000000000000e+01 -1.985174942016601562e+01
-2.000000000000000000e+01 -1.986404228210449219e+01
-2.000000000000000000e+01 2.000000000000000000e+01
-2.000000000000000000e+01 -1.965538978576660156e+01
-2.000000000000000000e+01 1.999998855590820312e+01
-2.000000000000000000e+01 -7.395272254943847656e+00
-2.000000000000000000e+01 -1.900930595397949219e+01
-2.000000000000000000e+01 2.000000000000000000e+01
-2.000000000000000000e+01 -1.988982009887695312e+01
-2.000000000000000000e+01 2.000000000000000000e+01
-2.000000000000000000e+01 -1.803538131713867188e+01
-2.000000000000000000e+01 -1.369672203063964844e+01
2.000000000000000000e+01 2.000000000000000000e+01
-2.000000000000000000e+01 -2.000000000000000000e+01
-2.000000000000000000e+01 -1.958668136596679688e+01
2.000000000000000000e+01 2.000000000000000000e+01
-2.000000000000000000e+01 -2.000000000000000000e+01
-2.000000000000000000e+01 -2.000000000000000000e+01
2.000000000000000000e+01 1.999996376037597656e+01
-2.000000000000000000e+01 -2.000000000000000000e+01
2.000000000000000000e+01 -2.000000000000000000e+01
2.000000000000000000e+01 -2.000000000000000000e+01
2.000000000000000000e+01 -2.000000000000000000e+01
2.000000000000000000e+01 -2.000000000000000000e+01
2.000000000000000000e+01 1.918346023559570312e+01
2.000000000000000000e+01 -2.000000000000000000e+01
2.000000000000000000e+01 2.000000000000000000e+01
2.000000000000000000e+01 -2.000000000000000000e+01
2.000000000000000000e+01 2.000000000000000000e+01
2.000000000000000000e+01 -2.000000000000000000e+01
2.000000000000000000e+01 2.000000000000000000e+01
2.000000000000000000e+01 2.000000000000000000e+01
2.000000000000000000e+01 2.000000000000000000e+01
2.000000000000000000e+01 2.000000000000000000e+01
2.000000000000000000e+01 2.000000000000000000e+01
1.790728759765625000e+01 2.000000000000000000e+01
-2.000000000000000000e+01 2.000000000000000000e+01
-2.000000000000000000e+01 -2.000000000000000000e+01
-2.000000000000000000e+01 2.000000000000000000e+01
-2.000000000000000000e+01 2.000000000000000000e+01
-2.000000000000000000e+01 2.000000000000000000e+01
-2.000000000000000000e+01 2.000000000000000000e+01
-2.000000000000000000e+01 2.000000000000000000e+01
-2.000000000000000000e+01 2.000000000000000000e+01
-2.000000000000000000e+01 2.000000000000000000e+01
2.000000000000000000e+01 2.000000000000000000e+01
2.000000000000000000e+01 -2.000000000000000000e+01
1.504845523834228516e+01 2.000000000000000000e+01
2.000000000000000000e+01 -2.000000000000000000e+01
-2.000000000000000000e+01 -2.445661067962646484e+00
-2.000000000000000000e+01 2.000000000000000000e+01
-1.996445655822753906e+01 2.000000000000000000e+01
2.000000000000000000e+01 -2.000000000000000000e+01
-2.000000000000000000e+01 -1.998719596862792969e+01
-2.000000000000000000e+01 1.991125488281250000e+01
-2.000000000000000000e+01 2.000000000000000000e+01
2.000000000000000000e+01 2.000000000000000000e+01
-2.000000000000000000e+01 -2.000000000000000000e+01
-2.000000000000000000e+01 2.000000000000000000e+01
-1.834230804443359375e+01 2.000000000000000000e+01
1.999994277954101562e+01 2.000000000000000000e+01
-2.000000000000000000e+01 9.014579772949218750e+00
-2.000000000000000000e+01 2.000000000000000000e+01
-2.000000000000000000e+01 2.000000000000000000e+01
-2.000000000000000000e+01 2.000000000000000000e+01
1.998637390136718750e+01 2.000000000000000000e+01
-2.000000000000000000e+01 2.000000000000000000e+01
-2.000000000000000000e+01 2.000000000000000000e+01
-2.000000000000000000e+01 2.000000000000000000e+01
-1.914245796203613281e+01 2.000000000000000000e+01
2.000000000000000000e+01 2.000000000000000000e+01
-2.000000000000000000e+01 2.000000000000000000e+01
-2.000000000000000000e+01 2.000000000000000000e+01
-2.000000000000000000e+01 2.000000000000000000e+01
-1.963501930236816406e+01 2.000000000000000000e+01
1.999999809265136719e+01 2.000000000000000000e+01
-2.000000000000000000e+01 2.000000000000000000e+01
-2.000000000000000000e+01 2.000000000000000000e+01
-2.000000000000000000e+01 2.000000000000000000e+01
-2.000000000000000000e+01 2.000000000000000000e+01
1.999983978271484375e+01 2.000000000000000000e+01
-2.000000000000000000e+01 2.000000000000000000e+01
-2.000000000000000000e+01 2.000000000000000000e+01
-2.000000000000000000e+01 2.000000000000000000e+01
-2.000000000000000000e+01 2.000000000000000000e+01
1.042669677734375000e+01 2.000000000000000000e+01
-2.000000000000000000e+01 2.000000000000000000e+01
-2.000000000000000000e+01 2.000000000000000000e+01
-2.000000000000000000e+01 2.000000000000000000e+01
1.998696327209472656e+01 2.000000000000000000e+01
-2.000000000000000000e+01 2.000000000000000000e+01
-2.000000000000000000e+01 2.000000000000000000e+01
-2.000000000000000000e+01 2.000000000000000000e+01
-2.000000000000000000e+01 2.000000000000000000e+01
-1.999993515014648438e+01 2.000000000000000000e+01
1.999666023254394531e+01 2.000000000000000000e+01
-2.000000000000000000e+01 2.000000000000000000e+01
-2.000000000000000000e+01 2.000000000000000000e+01
-2.000000000000000000e+01 2.000000000000000000e+01
-2.000000000000000000e+01 2.000000000000000000e+01
-2.000000000000000000e+01 2.000000000000000000e+01
1.693480873107910156e+01 2.000000000000000000e+01
-2.000000000000000000e+01 2.000000000000000000e+01
-2.000000000000000000e+01 2.000000000000000000e+01
-2.000000000000000000e+01 2.000000000000000000e+01
-2.000000000000000000e+01 2.000000000000000000e+01
-1.999998092651367188e+01 2.000000000000000000e+01
1.948768615722656250e+01 2.000000000000000000e+01
-2.000000000000000000e+01 2.000000000000000000e+01
-2.000000000000000000e+01 2.000000000000000000e+01
-2.000000000000000000e+01 2.000000000000000000e+01
-2.000000000000000000e+01 2.000000000000000000e+01
-2.000000000000000000e+01 2.000000000000000000e+01
-1.999823570251464844e+01 2.000000000000000000e+01
1.999608612060546875e+01 2.000000000000000000e+01
-2.000000000000000000e+01 2.000000000000000000e+01
-2.000000000000000000e+01 2.000000000000000000e+01
-2.000000000000000000e+01 2.000000000000000000e+01
-2.000000000000000000e+01 2.000000000000000000e+01
-2.000000000000000000e+01 2.000000000000000000e+01
-1.999999809265136719e+01 2.000000000000000000e+01
1.921928405761718750e+01 2.000000000000000000e+01
-2.000000000000000000e+01 2.000000000000000000e+01
-2.000000000000000000e+01 2.000000000000000000e+01
-2.000000000000000000e+01 2.000000000000000000e+01
-2.000000000000000000e+01 2.000000000000000000e+01
-2.000000000000000000e+01 2.000000000000000000e+01
-2.000000000000000000e+01 2.000000000000000000e+01
-3.255312442779541016e+00 2.000000000000000000e+01
-2.000000000000000000e+01 2.000000000000000000e+01
-1.999994468688964844e+01 2.000000000000000000e+01
1.882298660278320312e+01 2.000000000000000000e+01
-2.000000000000000000e+01 2.000000000000000000e+01
-2.000000000000000000e+01 2.000000000000000000e+01
-2.000000000000000000e+01 2.000000000000000000e+01
-2.000000000000000000e+01 2.000000000000000000e+01
-2.000000000000000000e+01 2.000000000000000000e+01
-2.000000000000000000e+01 2.000000000000000000e+01
-1.882048988342285156e+01 2.000000000000000000e+01
1.999708366394042969e+01 2.000000000000000000e+01
-2.000000000000000000e+01 2.000000000000000000e+01
-2.000000000000000000e+01 2.000000000000000000e+01
-2.000000000000000000e+01 2.000000000000000000e+01
-2.000000000000000000e+01 2.000000000000000000e+01
-2.000000000000000000e+01 2.000000000000000000e+01
-2.000000000000000000e+01 2.000000000000000000e+01
-1.999449539184570312e+01 2.000000000000000000e+01
1.996301460266113281e+01 2.000000000000000000e+01
-2.000000000000000000e+01 2.000000000000000000e+01
-2.000000000000000000e+01 2.000000000000000000e+01
-2.000000000000000000e+01 2.000000000000000000e+01
-2.000000000000000000e+01 2.000000000000000000e+01
-2.000000000000000000e+01 2.000000000000000000e+01
-2.000000000000000000e+01 2.000000000000000000e+01
-1.999989509582519531e+01 2.000000000000000000e+01
1.753294181823730469e+01 2.000000000000000000e+01
-2.000000000000000000e+01 2.000000000000000000e+01
-2.000000000000000000e+01 2.000000000000000000e+01
-2.000000000000000000e+01 2.000000000000000000e+01
-2.000000000000000000e+01 2.000000000000000000e+01
-2.000000000000000000e+01 2.000000000000000000e+01
-2.000000000000000000e+01 2.000000000000000000e+01
-1.997819519042968750e+01 2.000000000000000000e+01
1.995593833923339844e+01 2.000000000000000000e+01
-2.000000000000000000e+01 2.000000000000000000e+01
-2.000000000000000000e+01 2.000000000000000000e+01
-2.000000000000000000e+01 2.000000000000000000e+01
-2.000000000000000000e+01 2.000000000000000000e+01
-2.000000000000000000e+01 2.000000000000000000e+01
-2.000000000000000000e+01 2.000000000000000000e+01
-2.000000000000000000e+01 2.000000000000000000e+01
-1.830723762512207031e+01 2.000000000000000000e+01
1.975380325317382812e+01 2.000000000000000000e+01
-2.000000000000000000e+01 2.000000000000000000e+01
-2.000000000000000000e+01 2.000000000000000000e+01
-2.000000000000000000e+01 2.000000000000000000e+01
-2.000000000000000000e+01 2.000000000000000000e+01
-2.000000000000000000e+01 2.000000000000000000e+01
-2.000000000000000000e+01 2.000000000000000000e+01
-2.000000000000000000e+01 2.000000000000000000e+01
-1.988406753540039062e+01 2.000000000000000000e+01
1.995891380310058594e+01 2.000000000000000000e+01
-2.000000000000000000e+01 2.000000000000000000e+01
-2.000000000000000000e+01 2.000000000000000000e+01
-2.000000000000000000e+01 2.000000000000000000e+01
-2.000000000000000000e+01 2.000000000000000000e+01
-2.000000000000000000e+01 2.000000000000000000e+01
-2.000000000000000000e+01 2.000000000000000000e+01
-2.000000000000000000e+01 2.000000000000000000e+01
-1.998653793334960938e+01 2.000000000000000000e+01
1.967257690429687500e+01 2.000000000000000000e+01
-2.000000000000000000e+01 2.000000000000000000e+01
-2.000000000000000000e+01 2.000000000000000000e+01
-2.000000000000000000e+01 2.000000000000000000e+01
-2.000000000000000000e+01 2.000000000000000000e+01
-2.000000000000000000e+01 2.000000000000000000e+01
-2.000000000000000000e+01 2.000000000000000000e+01
-2.000000000000000000e+01 2.000000000000000000e+01
-1.999792289733886719e+01 2.000000000000000000e+01
1.762854766845703125e+01 2.000000000000000000e+01
-2.000000000000000000e+01 2.000000000000000000e+01
-2.000000000000000000e+01 2.000000000000000000e+01
-2.000000000000000000e+01 2.000000000000000000e+01
-2.000000000000000000e+01 2.000000000000000000e+01
-2.000000000000000000e+01 2.000000000000000000e+01
-2.000000000000000000e+01 2.000000000000000000e+01
-2.000000000000000000e+01 2.000000000000000000e+01
-1.969075584411621094e+01 2.000000000000000000e+01
1.990110778808593750e+01 2.000000000000000000e+01
-2.000000000000000000e+01 2.000000000000000000e+01
-2.000000000000000000e+01 2.000000000000000000e+01
-2.000000000000000000e+01 2.000000000000000000e+01
-2.000000000000000000e+01 2.000000000000000000e+01
-2.000000000000000000e+01 2.000000000000000000e+01
-2.000000000000000000e+01 2.000000000000000000e+01
